,ECA2_0029_01.a_p1,ECA2_0029_02.a_p1,ECA2_0029_03.a_p1,ECA2_0029_04.a_p1,ECA2_0029_05.a_p1,ECA2_0029_06.a_p1,ECA2_0029_07.a_p1,ECA2_0029_08.a_p1,ECA2_0029_09.a_p1,ECA2_0029_10.a_p1
200.986315118622,0,0,0,0,0,0,0,1,0,0
201.124444794287,1,1,0,0,1,1,0,0,0,0
203.001667167221,0,0,0,0,0,1,0,0,0,0
203.001940656736,0,0,0,0,0,1,0,0,0,0
204.087718708921,1,0,0,0,0,0,1,1,0,0
205.017315875677,0,0,0,0,0,1,0,0,0,0
205.017599513069,0,0,0,0,0,1,0,0,0,0
205.126741017369,0,0,0,1,0,0,0,0,0,0
207.029899091282,0,0,0,1,0,0,0,0,0,0
207.066283233563,0,0,0,0,0,0,0,1,0,1
207.07749568135,0,0,0,0,0,0,0,1,0,0
209.009149823193,1,0,0,0,0,0,0,1,0,0
209.045531739112,0,0,0,0,0,0,0,1,1,0
211.024813932517,0,0,0,1,0,0,0,1,0,0
215.001964732155,0,0,0,0,0,0,0,1,0,0
215.128909134367,0,0,1,0,0,0,0,0,0,0
216.152365556641,0,0,0,0,0,0,0,0,0,1
217.108174927159,0,1,0,0,0,0,0,0,0,0
218.996831734425,0,0,0,0,0,1,0,0,0,0
221.093167178783,0,0,0,0,1,0,0,0,0,0
221.121657258346,1,0,1,1,0,1,0,1,0,0
223.024764337093,0,0,1,0,0,1,0,0,0,0
225.04042670604,1,1,1,1,0,0,0,1,0,0
226.978397415797,0,0,0,0,0,0,0,1,0,0
227.140126711641,1,1,0,0,0,1,0,0,0,0
229.035344803185,0,0,1,0,0,0,0,0,0,0
229.15578506445,1,1,1,1,1,1,1,1,1,1
231.135001441115,0,1,0,0,1,0,0,0,0,1
233.009163412669,0,0,1,0,0,0,0,0,0,0
233.085278326514,0,0,1,0,0,0,0,0,0,0
235.02482248343,0,0,1,0,0,0,0,0,0,0
235.061203573925,0,0,0,0,1,0,0,0,0,1
235.112292071711,0,0,0,1,0,0,0,0,0,0
236.096197433397,1,0,0,0,0,0,0,1,0,0
237.040483507492,0,0,1,0,1,0,0,0,0,0
237.076867410919,0,0,0,1,0,0,0,1,0,0
239.01970562526,0,0,1,0,0,0,0,0,1,0
239.056102990688,1,1,0,1,1,0,0,1,1,0
241.035404817619,0,0,1,0,0,0,0,0,0,0
243.098649057827,0,0,0,0,0,0,0,1,0,0
243.171444942575,1,1,1,1,1,1,1,1,1,1
245.084821387311,0,0,0,0,0,1,0,0,0,0
245.085297012592,0,0,0,0,0,1,0,0,0,0
245.114324215602,1,1,1,1,1,1,0,1,1,1
247.02165056819,0,0,0,0,0,1,0,0,0,0
247.064557244136,0,0,0,0,0,0,0,0,1,0
247.939889960045,0,0,0,0,0,0,1,1,0,0
249.004086514732,0,0,0,0,0,0,0,1,0,0
249.043829910249,0,0,0,0,0,1,0,0,0,0
249.080247670156,0,0,0,0,0,0,0,0,1,0
249.113254751525,0,0,0,0,0,0,0,0,1,0
251.01976940635,0,0,1,0,0,0,0,1,0,1
251.056133941414,0,0,1,0,1,0,0,1,1,1
251.07859958616,0,0,0,0,0,0,0,0,0,1
251.092496275315,0,0,0,0,0,0,0,1,0,0
251.095441634398,0,0,0,0,0,0,1,0,0,0
251.103766666715,0,0,0,0,0,0,0,0,0,1
253.017348206122,0,0,0,0,1,0,0,0,0,0
253.03538516246,0,1,1,1,0,1,0,1,0,1
253.097701064088,0,0,0,0,0,0,1,0,0,0
253.121034315695,0,0,0,0,1,0,0,0,0,0
255.062297216038,1,1,1,1,1,1,1,1,1,1
256.052705852598,0,0,0,0,0,0,1,0,0,0
257.084800758906,0,0,0,0,0,1,0,0,0,0
257.085353119604,0,0,0,0,0,1,0,0,0,0
257.191102678054,0,0,0,1,0,0,0,0,0,0
258.09835108965,0,0,0,0,0,0,0,1,0,0
258.145973610707,1,1,1,1,1,1,0,0,0,1
259.028223572559,0,0,0,0,1,0,0,0,1,0
259.061211474333,0,0,0,0,0,0,0,1,0,0
259.092681778819,0,0,0,0,0,1,0,0,0,0
259.096624369109,0,0,0,0,0,1,0,0,0,0
259.129974451967,1,1,1,1,1,1,1,1,1,1
260.18963264603,0,0,0,1,0,0,0,0,0,0
261.007442609125,0,0,0,0,1,0,0,0,0,0
261.040499747034,0,0,1,0,0,0,0,1,0,0
261.043875774277,0,0,1,0,1,1,0,0,1,0
261.127829753306,0,0,0,0,0,0,0,0,0,1
261.955591546,1,1,1,1,1,1,1,1,1,1
262.100131005709,0,0,0,0,0,1,0,0,0,0
262.10858703746,0,0,0,0,0,1,0,0,0,0
262.968488439429,0,0,0,0,0,0,1,0,0,0
263.019720608659,0,0,1,1,0,1,1,1,0,0
263.056162162984,0,0,1,1,0,1,0,1,0,0
263.059518354884,0,0,1,0,1,1,0,0,1,0
263.095882245298,0,0,0,0,0,1,0,0,0,0
263.128918628623,0,0,1,0,0,0,0,0,0,0
263.132294307463,0,0,0,0,0,1,0,0,0,0
263.140121306846,0,0,0,0,0,0,0,0,1,1
264.998978478457,0,0,0,1,0,0,0,0,0,0
264.999853704141,0,0,0,0,0,0,1,1,0,0
265.035416012644,0,0,1,1,0,1,1,1,0,1
265.07175654152,1,0,1,1,0,1,1,1,0,1
265.108161078953,0,0,1,1,1,0,1,1,1,1
265.111551658498,0,0,0,1,0,0,0,0,0,0
265.119415187426,0,0,0,0,0,1,0,0,0,1
266.067038262927,0,0,0,0,0,0,0,0,0,1
266.994272940638,0,0,0,0,0,0,0,0,1,1
267.01468081692,0,0,1,0,0,1,0,0,0,1
267.051013014992,0,1,1,1,0,1,1,1,1,1
267.073503387235,0,0,0,1,0,1,0,0,0,1
269.030335719134,0,0,1,1,0,0,0,1,0,1
269.085344122802,0,0,0,0,0,0,0,1,0,0
271.061192022869,0,0,1,0,0,0,0,0,0,0
271.071718345549,0,0,0,0,1,0,0,0,0,0
272.161546866663,0,1,0,1,1,1,1,1,1,1
273.080235019038,0,0,1,0,0,1,0,0,0,0
274.078429854594,0,1,0,0,0,0,0,0,0,0
275.019686012876,0,0,1,0,0,0,0,0,0,0
275.023069240981,0,0,0,0,0,0,0,0,1,0
275.056123708709,0,0,1,0,0,0,0,0,0,0
275.092536767002,0,0,1,0,0,0,0,1,0,1
275.095894541533,0,0,1,1,0,1,0,0,1,0
276.99896902096,0,0,1,1,0,0,0,0,0,0
277.035388091511,0,1,0,1,0,1,1,0,0,1
277.038794432503,0,0,0,0,1,0,0,0,0,0
277.050112830188,0,0,0,0,0,0,0,0,0,1
277.059631820522,1,1,1,1,1,1,1,1,1,1
277.071780747801,1,0,1,1,0,1,1,1,0,1
277.075138374456,0,0,0,0,0,1,0,0,0,0
277.086336644308,0,0,1,1,0,0,0,0,0,0
277.108133008574,0,0,1,1,0,1,1,1,1,1
277.111485347462,1,0,1,0,0,1,0,0,0,1
277.155803904556,0,1,0,1,1,0,1,0,1,1
277.206686196466,0,0,0,0,0,0,0,0,1,0
279.014622292583,1,1,1,1,0,1,0,0,0,0
279.05103605999,0,0,1,1,1,1,1,1,1,1
279.054420388945,0,0,1,0,1,0,0,0,1,0
279.06634875781,0,0,0,0,0,0,0,0,0,1
279.098603709576,1,0,0,1,0,0,0,0,0,1
279.108530479479,0,0,0,0,1,0,0,0,0,0
280.060083430889,1,1,1,1,1,1,1,1,1,1
280.068704035316,0,0,0,0,0,0,0,0,0,1
281.030306431672,1,0,1,1,0,1,1,1,1,1
281.070031927484,0,0,1,0,1,0,0,0,1,0
281.121740602362,0,1,0,0,0,0,0,1,0,0
281.142831239658,0,0,0,0,0,1,0,0,0,0
283.04595745831,1,1,1,1,1,1,1,1,1,1
283.061168520033,0,0,0,0,0,0,1,0,0,0
283.100967866495,0,0,0,0,0,0,0,1,0,0
283.137346800078,1,1,1,0,0,0,1,1,0,0
283.978838704899,1,0,0,0,0,0,0,0,0,0
284.161546932859,0,1,0,0,0,1,0,0,0,1
285.025195022631,0,0,1,0,0,0,0,0,0,0
285.080182644273,0,0,0,0,0,0,0,1,0,0
285.110997560942,0,1,0,0,0,0,1,1,0,0
286.17717909044,1,1,1,1,1,1,1,1,1,1
286.965655161872,0,0,0,0,0,1,0,0,0,0
287.040868822099,0,0,1,0,0,0,0,0,0,0
287.055215643865,0,0,0,1,0,1,0,0,0,1
287.056056994507,0,0,1,0,0,0,0,0,0,0
287.125002102864,0,0,0,0,0,0,0,1,0,0
288.156510341019,0,1,1,1,1,1,1,1,1,1
288.992426996952,0,0,0,0,0,0,0,0,1,0
289.035335238622,0,0,1,1,0,0,1,1,0,1
289.038715491215,0,0,1,0,1,1,0,0,1,0
289.071733504922,0,0,0,0,1,0,0,1,1,1
289.075126885359,0,0,0,0,0,1,0,0,0,0
289.111520171072,0,0,1,0,0,1,0,0,0,0
291.014598605754,0,0,1,1,0,1,0,1,0,0
291.031255819714,0,0,0,0,0,0,1,0,0,0
291.050985782488,1,1,1,1,0,0,1,1,1,1
291.090755523447,0,0,0,0,0,1,0,0,0,0
292.118996995163,0,0,0,0,1,0,0,0,0,0
293.030316334653,1,1,1,1,0,1,1,1,1,1
293.066707280246,1,0,1,1,1,1,1,1,1,1
293.070069024992,0,0,0,0,0,1,0,0,0,0
293.10645314903,0,0,1,0,0,1,0,0,0,0
293.114267381535,1,1,1,1,1,1,1,1,1,1
293.142838517349,0,0,0,0,0,1,0,0,0,0
293.15064965365,0,1,0,0,0,0,0,0,0,1
293.165195385237,0,0,0,0,0,0,0,0,0,1
294.061871238235,0,0,0,0,0,0,0,1,0,0
295.00951132373,0,0,1,1,0,1,0,0,0,0
295.04590311567,1,1,1,1,0,1,1,1,1,1
295.137369757887,1,1,0,0,0,0,1,1,0,0
297.025193164039,1,0,1,1,0,0,1,1,1,0
297.026555125637,0,0,0,0,0,1,0,0,0,0
297.116608279898,0,0,0,0,0,0,0,1,0,0
297.13772162422,0,0,0,0,0,1,0,0,0,0
297.158356173741,1,0,0,0,0,0,0,0,0,0
298.060214779648,0,0,0,0,0,0,0,0,1,0
298.177221206525,0,1,0,0,1,0,0,1,0,1
299.023064450263,0,0,0,0,0,0,0,1,0,0
299.040885905944,1,0,1,1,0,1,1,1,1,1
299.092465654528,0,0,0,0,0,0,1,0,0,0
299.157246356087,0,0,0,0,0,0,0,1,0,0
300.072452790186,0,0,1,0,0,0,0,0,0,0
300.192899891053,1,1,1,1,1,1,1,1,1,1
300.998955843029,1,1,1,1,0,1,1,1,0,1
301.035341309197,0,0,1,0,0,0,0,1,0,0
301.071730761426,0,0,0,0,0,0,0,0,0,1
302.13574432609,0,1,0,1,0,1,0,0,0,0
302.172131462719,1,1,1,1,1,1,1,1,1,1
303.014615944586,0,0,1,1,0,0,0,0,0,0
303.051014761484,0,0,1,0,0,0,1,1,0,1
303.087420249974,0,0,1,0,0,0,0,1,1,1
303.12381011849,0,0,1,0,0,0,0,1,0,0
303.156886094206,1,0,0,0,0,0,0,0,0,0
303.173192746032,0,0,0,1,0,0,0,0,0,0
303.217659936381,0,0,0,0,0,0,0,0,0,1
304.00254759048,0,0,1,0,0,0,0,0,1,1
304.993861450993,0,0,0,0,0,0,1,0,0,0
305.030274203965,1,1,1,1,0,1,1,1,1,1
305.066654821895,0,1,1,1,0,1,0,1,1,1
305.070009125444,0,0,0,0,0,0,0,0,1,0
305.103064603926,0,0,1,1,1,1,1,1,1,1
305.106420819019,0,0,0,0,0,1,0,0,0,0
305.139456921456,0,0,0,0,0,0,0,0,0,1
307.009519970076,1,0,1,1,0,0,0,1,0,0
307.026168289049,0,0,1,0,1,0,1,0,0,0
307.045927506599,1,0,1,1,1,1,1,1,1,1
307.079889813558,0,0,0,0,0,0,0,0,0,1
307.085693241582,0,0,0,0,0,0,0,0,1,0
307.122104008955,0,0,0,0,0,1,0,0,0,0
307.158176575194,0,0,0,0,0,0,0,0,0,1
308.073598048318,0,1,0,0,0,0,1,0,0,1
308.138234674506,0,1,1,1,1,1,1,1,1,1
308.989650608362,0,0,0,0,0,0,0,1,0,0
309.02518522443,1,1,1,1,1,1,1,1,1,1
309.101372678021,0,0,0,0,0,1,1,1,0,0
309.109211875195,1,1,1,1,1,0,0,1,0,1
309.119089199185,0,0,0,0,1,0,0,0,0,0
309.13777148819,0,0,0,0,0,1,0,0,0,0
311.040842997254,1,1,1,1,1,1,1,1,1,1
311.080595767258,0,0,0,0,1,0,0,0,0,0
311.092459254113,0,0,0,0,1,0,0,0,1,0
311.13223291676,0,0,0,0,0,0,1,1,0,0
313.020089602638,0,0,1,0,0,0,0,0,0,0
313.056500859105,1,1,1,1,1,1,1,1,1,1
313.078509429947,0,0,0,0,1,0,1,0,0,0
313.104086879243,0,0,0,0,0,1,0,0,0,0
313.147853219841,0,0,0,0,0,0,0,1,0,0
313.172915189152,1,1,1,0,0,0,0,1,0,0
314.083201317956,0,0,0,0,1,0,0,0,0,0
314.172095976387,0,0,0,0,1,1,1,0,1,1
314.208478741839,0,1,1,0,1,0,1,0,1,1
315.014674019742,0,0,1,0,1,1,0,1,0,0
315.035765556434,0,0,0,1,0,0,0,1,0,0
315.051086379127,0,0,1,0,0,0,0,1,0,0
315.087459716489,0,0,0,0,0,0,0,0,0,1
315.123794914824,0,0,0,0,0,0,1,0,0,0
315.167365960132,0,1,0,1,1,1,0,0,0,1
316.104550042499,0,1,0,0,1,0,0,0,0,0
316.151388768487,1,1,1,1,1,1,1,1,1,1
316.187805194354,0,1,0,1,1,1,1,1,1,1
317.030261218142,0,0,1,1,0,1,1,1,0,0
317.03361650925,0,0,0,0,0,0,0,1,0,0
317.051456086289,0,1,1,0,0,0,1,0,0,0
317.066687796083,0,0,1,1,0,0,0,1,1,1
317.088559715049,0,0,0,0,0,1,0,0,0,0
317.103096216893,0,0,1,0,0,0,0,0,1,1
318.062926110868,0,0,0,0,0,1,0,0,0,0
318.167103725047,1,1,0,0,1,1,0,1,0,1
319.009596531152,0,0,1,0,0,0,0,0,0,0
319.045941232075,0,1,1,1,0,0,0,1,1,1
319.082295876229,0,0,1,1,0,1,1,1,1,1
319.085647606549,0,0,0,1,1,1,0,0,0,0
319.118690232607,1,0,1,1,1,1,1,1,1,1
319.122061710318,0,0,0,0,0,1,0,0,0,0
320.059960837832,0,0,0,0,0,1,0,0,0,0
321.025154726554,0,1,1,1,0,1,1,1,1,1
321.041826926564,0,0,0,0,0,1,0,0,0,0
321.061551978378,1,1,1,1,1,1,1,1,1,1
321.097982635803,1,0,1,1,1,1,1,1,1,1
321.137756545737,0,0,1,0,0,1,0,0,0,0
322.140827819108,0,0,0,1,0,0,0,0,0,1
322.187167160996,0,0,0,1,0,0,0,0,0,1
323.004428911665,0,0,0,1,0,0,0,0,0,0
323.005333157419,0,0,0,0,0,0,0,1,0,0
323.040869446973,1,1,1,1,1,1,1,1,1,1
323.134729600681,0,0,0,0,1,0,0,0,1,0
323.16866461507,1,1,1,1,1,1,1,1,0,1
324.054731341924,0,0,0,0,0,1,0,0,0,0
324.133154679663,0,1,0,1,1,0,0,0,0,1
325.020080061909,0,0,1,1,0,1,0,1,0,1
325.049956819261,0,0,0,0,0,1,0,0,0,0
325.056517335562,1,1,1,1,1,1,1,1,1,1
325.111513227753,0,0,0,0,0,0,0,1,0,0
325.147929172056,1,0,0,0,0,0,1,1,0,0
326.208526866763,0,0,0,0,0,1,1,0,0,1
327.014689708301,0,0,1,0,0,0,0,0,0,0
327.035717224585,0,0,1,1,0,1,1,1,1,1
327.075474000955,0,0,1,0,1,0,0,0,0,0
327.127116379932,0,0,0,0,0,0,0,1,0,0
327.188493868284,0,1,0,0,0,0,0,0,0,0
328.122457288,0,0,1,0,1,1,0,0,0,0
328.151343467021,0,1,0,0,0,1,0,0,0,1
328.187775460719,0,1,0,1,1,0,1,0,1,1
328.224197142005,0,0,0,0,0,0,0,0,0,1
329.030222012527,0,0,1,1,0,1,0,1,1,0
329.051455290203,1,0,1,1,1,1,1,1,1,1
329.066687502906,0,0,0,0,0,0,0,1,0,1
329.079723149283,0,1,1,1,0,0,0,1,0,0
329.09109146087,0,0,1,0,1,0,0,0,0,0
329.106486060147,0,0,0,0,0,0,0,1,0,0
329.145797849589,0,0,0,0,0,1,0,0,0,0
329.18298747086,1,1,1,1,1,1,1,1,1,1
330.120308684272,0,0,0,1,0,0,0,0,0,0
330.167007082931,1,1,1,1,1,1,1,1,1,1
330.203459960572,1,1,1,1,1,1,1,1,1,1
331.009541385231,0,0,1,0,0,0,0,1,0,0
331.038871585845,0,0,0,0,0,1,0,0,0,0
331.04599443956,0,0,1,1,0,1,0,1,1,1
331.082339553397,0,0,1,1,0,1,1,1,1,1
331.11864424628,0,0,1,1,0,1,1,0,1,1
331.155074665797,0,0,1,1,0,0,0,0,0,1
332.146372028282,0,1,0,0,0,1,0,0,0,1
332.182676902198,0,1,0,0,1,1,1,0,0,1
333.025203537804,1,1,1,1,1,0,1,1,1,1
333.035744998415,0,0,0,0,0,1,0,0,0,0
333.061621279429,1,0,1,1,0,1,1,1,1,1
333.104194363749,0,0,1,0,0,0,0,0,0,0
333.13431589464,0,0,1,1,0,0,0,1,1,1
334.056816773761,0,0,0,1,0,0,0,0,0,0
334.129606978525,0,0,0,0,0,0,0,0,0,1
335.00305254878,0,0,1,0,1,0,1,1,0,0
335.004429898644,0,0,1,1,0,0,0,0,0,0
335.040827177713,0,0,1,1,1,1,1,1,1,1
335.070226427382,0,0,0,0,0,1,0,0,0,0
335.077281643427,1,1,1,1,1,1,1,1,1,1
335.088508902396,0,0,0,0,0,0,0,0,1,0
336.028701162973,0,0,1,0,0,0,0,0,0,0
336.072516720963,0,0,0,0,0,0,0,0,1,1
336.156505409579,0,0,0,0,0,0,0,0,0,1
337.020135431421,0,1,1,1,0,1,1,1,1,1
337.056543872599,0,1,1,1,1,1,1,1,1,1
337.104167557921,0,0,0,0,0,0,0,0,0,1
337.126873070649,0,1,0,0,0,0,0,0,0,0
337.132614990239,0,0,0,0,0,1,0,0,0,0
337.17290921367,0,0,0,0,0,0,0,0,0,1
337.184266280886,1,1,1,0,0,1,0,1,0,0
338.088107656659,0,0,0,0,0,0,1,1,0,1
338.148773626018,0,1,1,1,1,1,1,0,1,1
339.035826927654,1,1,1,1,1,1,1,1,1,1
340.224231113601,0,0,1,0,0,0,1,0,0,1
341.014976956191,0,0,1,0,0,0,0,0,0,0
341.030286778022,0,0,1,0,0,0,0,0,0,0
341.051432806298,1,1,1,1,1,1,1,1,1,1
341.066613639013,0,0,0,0,0,0,0,0,1,0
341.067488290948,1,0,0,0,1,1,0,0,0,0
341.091157142191,0,0,0,0,1,0,0,0,0,0
341.116083556712,0,0,1,0,0,0,0,0,0,0
341.142820338194,0,0,0,0,0,0,1,1,0,0
341.182994097531,0,1,0,0,0,0,0,0,0,1
342.167025057996,0,1,1,1,1,1,1,1,0,1
342.239775936764,0,0,0,0,0,0,0,0,0,1
343.009524112467,0,0,1,0,0,0,0,0,0,0
343.030698713285,0,0,1,0,0,0,0,0,1,1
343.045930973354,0,1,1,1,0,0,0,0,1,0
343.082325259695,0,0,0,0,0,0,1,0,1,0
343.116453535533,0,0,0,0,0,0,0,0,1,0
343.118642673311,0,0,0,1,0,0,0,0,0,1
343.122042260801,0,0,0,0,0,0,0,1,0,0
343.158478469459,0,0,0,0,0,0,0,1,0,0
343.198703463502,0,1,1,1,1,1,1,1,1,1
343.95063895907,0,0,0,0,0,0,0,0,0,1
344.077515259145,0,0,0,0,0,0,0,0,0,1
344.14636642831,0,1,0,0,0,0,0,0,0,0
344.18266441874,1,1,1,1,1,1,1,1,1,1
344.219102041571,0,0,0,0,0,0,1,0,1,1
345.025178166361,0,0,1,1,0,1,1,1,0,0
345.025372127517,0,0,0,0,0,0,0,0,0,1
345.046318715642,0,0,1,1,0,0,1,1,1,1
345.05345173526,0,0,0,0,1,0,0,0,0,0
345.061609991528,0,0,1,1,0,1,1,1,1,1
345.06497580668,0,0,0,0,0,0,0,1,0,1
345.072947888342,0,1,0,0,0,0,1,0,0,1
345.095728379067,0,0,0,0,0,0,0,1,0,0
345.097937172215,0,0,1,1,1,1,1,1,1,1
345.101315019446,0,0,1,0,1,0,0,0,0,0
345.134332592676,0,0,1,1,0,1,1,0,1,1
345.170766400863,0,0,1,0,0,0,0,1,0,1
345.177965934384,0,1,1,1,1,1,0,1,1,1
345.974933798153,0,0,1,0,0,0,0,1,1,1
347.004527163191,0,0,1,1,0,0,0,1,0,0
347.04083035272,1,1,1,1,1,1,1,1,1,1
347.062022130947,0,0,1,0,0,0,0,0,0,0
347.077228409431,0,0,1,1,1,1,1,1,1,1
347.113629831415,0,0,1,1,1,1,1,1,1,1
347.149943444748,0,1,1,1,1,1,1,1,1,1
348.072413958191,0,0,0,0,0,0,0,0,1,1
348.159865449937,0,0,0,0,0,0,0,0,0,1
348.192827517869,0,0,0,0,1,0,0,0,0,0
349.020115304537,1,0,1,1,0,1,1,1,1,1
349.056496668412,1,1,1,1,0,1,0,1,1,1
349.059870966296,0,0,1,0,1,1,0,0,0,0
349.092918031447,0,1,1,1,1,1,1,1,1,1
350.051769709976,0,0,0,0,0,0,0,1,1,0
350.088142822738,0,0,1,0,0,0,0,1,1,1
350.135687001706,0,0,0,0,0,1,0,0,0,0
350.172136493978,0,0,0,0,0,0,0,0,0,1
350.185143712163,0,1,1,1,1,0,1,1,1,1
351.023471011746,0,0,1,0,0,0,0,0,0,0
351.034395775215,0,0,0,0,1,0,1,0,0,0
351.035766012244,1,0,1,1,0,1,1,1,1,1
351.044526902201,0,0,0,0,0,0,1,0,0,0
351.072138333567,1,1,1,1,1,1,1,1,1,1
351.108582655515,1,1,1,1,1,1,1,1,1,1
351.184682919914,0,0,0,0,0,0,0,1,0,0
352.067424420654,0,0,0,0,0,0,0,0,1,1
352.103742233992,0,0,1,1,0,0,0,1,1,0
352.164383941218,0,1,0,1,1,1,1,0,1,1
353.014935493477,0,0,1,1,0,0,0,0,1,0
353.049035877635,0,0,0,0,1,0,1,0,0,0
353.05141925999,1,1,1,1,1,1,1,1,1,1
353.065267848926,0,0,0,0,0,0,0,0,1,0
353.127502388075,0,0,0,0,0,0,0,1,0,0
353.136129690491,0,0,1,0,0,0,0,0,0,0
353.145332878621,0,0,0,0,0,0,1,0,0,0
353.215649900355,0,1,0,0,0,1,0,0,0,1
355.009577446281,0,0,1,0,0,0,0,0,0,0
355.030627188011,0,1,1,1,0,1,1,1,1,1
355.045885027271,0,0,1,0,0,0,1,0,0,0
355.056574906363,0,0,0,1,1,0,1,0,0,0
355.095337681225,0,0,1,0,0,0,0,1,0,1
355.12208236554,0,0,0,0,0,0,0,1,0,0
355.158410308014,0,0,0,0,0,0,0,1,0,0
355.16811528018,0,0,0,1,0,0,0,0,0,0
355.198692884725,0,0,0,1,0,1,0,0,0,1
356.062379115285,0,0,0,0,0,0,0,0,0,1
356.182767131936,0,0,0,0,0,1,0,0,0,0
356.97443098351,0,0,0,0,0,0,0,0,1,1
357.046380027556,0,0,1,1,0,1,1,1,1,1
357.061639132,0,0,1,1,0,0,1,1,1,1
357.074642866779,0,0,0,0,1,0,1,0,0,1
357.086242264511,0,0,0,0,0,0,0,0,0,1
357.134336575856,0,0,0,0,0,0,0,0,1,0
357.137710503365,0,0,0,0,0,0,0,1,0,0
357.174148969742,0,0,0,0,0,0,0,1,0,0
357.214251336409,1,1,1,0,1,1,1,1,1,1
358.198353257738,1,1,1,1,1,1,1,1,1,1
359.004410264481,0,0,1,0,0,0,0,0,0,0
359.040827605703,0,0,1,1,0,1,1,1,1,1
359.04417897517,0,0,0,1,0,1,0,1,0,0
359.053861397628,0,0,0,0,0,0,0,0,0,1
359.061939001258,0,0,1,1,1,1,1,1,1,1
359.077232277101,0,0,1,0,0,1,1,1,1,1
359.080609678469,0,0,0,0,0,0,0,0,0,1
359.088641649665,0,0,0,0,0,0,0,1,0,1
359.111377458472,0,0,0,0,0,0,0,1,0,0
359.113577261528,0,0,1,1,1,1,1,1,1,1
359.150035089665,0,0,1,1,1,0,1,1,1,1
359.157228437746,0,0,0,0,0,1,0,0,0,0
359.193602610788,0,1,0,1,1,1,1,0,1,1
359.990579441568,0,0,1,0,0,0,0,0,1,1
360.17765654334,0,1,1,0,1,1,1,1,1,1
360.23918533,0,0,0,0,0,0,0,1,0,0
361.00245634781,0,0,0,0,0,1,0,0,0,0
361.020203202757,0,0,1,1,0,1,1,1,1,1
361.056450883082,1,1,1,1,1,1,1,1,1,1
361.092917492873,1,0,1,1,1,1,1,1,1,1
361.096250604741,0,0,0,0,0,0,0,0,0,1
361.129228263743,0,0,1,1,1,1,1,1,1,1
361.165636188115,0,0,1,1,0,1,1,1,1,1
362.088049958924,0,0,0,0,0,0,0,0,1,1
362.124565915271,0,0,0,0,0,1,0,0,0,1
362.99954362502,0,0,0,0,0,1,0,0,0,0
363.03578042413,1,0,1,1,1,1,1,1,1,1
363.072081802094,1,1,1,1,1,1,1,1,1,1
363.075462544939,0,0,1,0,1,0,0,0,0,1
363.083408506467,0,0,0,0,0,0,0,0,1,0
363.10858231203,1,1,1,1,1,1,1,1,1,1
364.067358096948,0,0,0,0,0,0,0,1,1,1
364.10386330536,0,0,0,0,0,0,0,0,1,1
364.187807075562,0,0,0,0,1,0,0,0,0,1
364.20076978619,0,1,0,0,1,0,1,0,0,1
365.014999350136,0,0,1,1,0,0,1,1,1,1
365.015200911046,0,0,0,0,0,1,0,0,0,0
365.051447751813,1,1,1,1,1,1,1,1,1,1
365.087779048533,1,1,1,1,1,1,1,1,1,1
365.188557421068,0,0,1,0,0,0,0,0,0,0
366.083006492122,0,0,1,0,1,0,0,0,1,1
366.180116546856,0,1,1,1,1,1,1,1,1,1
367.029280400029,0,0,1,0,1,0,1,1,0,0
367.030630584968,1,1,1,1,0,1,1,1,1,1
367.047257402071,0,0,0,0,1,0,0,0,0,0
367.06706934349,1,1,1,1,1,1,1,1,1,1
367.21599116063,0,0,1,0,0,0,0,0,0,0
368.062279069239,0,0,0,0,0,0,0,0,1,1
369.009950139289,0,0,1,0,0,0,0,0,0,0
369.026230545214,0,0,0,0,0,0,1,0,0,0
369.028569730003,0,0,1,0,1,0,0,0,0,0
369.046310964264,1,1,1,1,1,1,1,1,1,1
369.061598175475,0,0,1,0,0,0,0,0,0,0
369.072212276688,0,0,0,1,1,0,1,1,0,0
369.122386957516,0,0,0,0,1,0,0,0,0,0
369.174090217447,0,0,0,0,0,0,0,1,0,0
370.077967055023,0,0,1,0,0,0,0,0,0,1
370.130606874783,1,1,0,0,0,1,0,1,0,0
371.004472789316,0,0,0,0,0,0,0,1,0,0
371.025611478681,0,0,1,0,0,0,0,0,1,1
371.040880248302,0,0,1,1,0,0,1,1,1,1
371.051483688559,0,0,0,1,1,0,0,0,0,0
371.061971237483,1,1,1,1,1,1,1,1,1,1
371.077218054152,0,0,1,1,0,0,0,0,1,0
371.090292370366,0,0,1,1,1,1,1,1,1,1
371.11361936982,0,0,1,0,0,1,0,0,1,1
371.15332141602,0,0,0,0,0,0,0,1,0,0
371.189744666485,0,0,0,0,0,0,0,1,0,0
371.193562335852,0,0,0,0,0,0,0,0,0,1
371.229951513963,0,0,0,0,1,0,1,0,0,1
372.127599327908,0,1,0,0,0,0,0,0,0,0
372.21396446099,1,1,1,1,1,1,1,1,1,1
373.020100526779,0,0,1,1,0,1,1,1,1,1
373.041248932347,0,0,1,1,0,0,0,0,1,1
373.056476136202,0,0,1,1,0,1,1,1,1,1
373.069513595637,0,0,1,1,1,1,0,1,1,1
373.092863986741,0,0,1,1,1,1,1,1,1,1
373.129236898477,0,0,1,1,1,1,1,1,1,1
373.147632231838,0,1,0,0,0,0,0,0,0,0
373.165624489225,0,0,1,0,0,0,0,0,0,1
373.172856160813,1,1,1,1,1,1,0,1,0,1
373.209226441057,0,0,0,0,0,0,0,0,0,1
374.105285744607,0,0,0,0,0,0,0,0,1,0
374.156843108666,1,1,0,1,0,1,0,1,0,1
374.221583607693,0,0,0,0,0,0,0,0,0,1
374.999547213639,0,0,1,0,0,0,0,0,1,0
375.018131179717,0,0,1,0,0,1,0,0,0,0
375.035730095859,0,1,1,1,0,1,1,1,1,1
375.046259749451,0,1,0,0,0,0,0,0,0,0
375.048792224413,0,0,0,0,0,0,0,0,0,1
375.056852029369,0,0,1,0,1,0,0,0,1,1
375.07214128479,0,1,1,1,1,1,1,1,1,1
375.075531094561,0,0,1,0,1,1,0,1,0,1
375.144928848733,0,0,1,1,1,1,1,1,1,1
375.181292203292,0,0,0,0,0,0,0,1,1,1
376.0673825717,0,0,0,0,0,0,0,0,1,1
376.074059154985,0,0,0,0,0,0,1,0,0,0
377.015073251635,0,0,1,1,0,1,0,1,1,1
377.04488863152,0,0,0,0,0,0,0,0,0,1
377.051396445684,1,1,1,1,1,1,1,1,1,1
377.060713565489,0,0,0,0,0,1,0,0,0,0
377.087803190623,1,1,1,1,1,1,1,1,1,1
377.09115970413,0,0,1,0,1,0,0,0,0,1
377.12417426497,1,1,1,1,1,1,1,1,1,1
377.196945440299,0,0,1,0,0,0,0,1,1,0
378.046664944457,0,0,0,0,0,0,0,0,0,1
378.119416926561,0,0,0,0,0,1,0,1,0,1
378.216503667,0,1,0,1,1,0,1,1,1,1
379.030686112247,1,1,1,1,0,1,1,1,1,1
379.067076004777,1,1,1,1,1,1,1,1,1,1
379.103451701591,1,1,1,1,1,1,1,1,1,1
380.062333798109,0,0,0,0,0,0,0,0,1,1
380.098706774837,0,0,1,0,0,1,1,0,1,1
380.195742975484,0,1,0,0,1,0,1,1,0,1
380.230402051818,0,0,0,0,1,0,0,0,0,0
381.009899860409,0,0,0,1,0,0,0,0,0,0
381.044988543549,0,0,1,0,0,0,0,0,0,0
381.04633893879,1,1,1,1,1,1,1,1,1,1
381.049737589396,0,0,0,0,1,0,0,0,0,0
381.05938916193,0,0,0,0,1,1,0,0,0,0
381.094016064472,0,0,0,0,1,0,0,0,0,0
381.147430924684,0,0,1,1,0,1,1,1,0,0
382.077997977155,0,0,1,0,0,1,0,0,1,1
383.004479939078,0,0,0,0,0,0,0,1,0,0
383.024267855133,0,0,0,0,1,0,0,0,0,0
383.025617753596,0,0,1,1,0,0,1,0,1,1
383.04086489292,0,0,0,1,0,0,0,1,0,0
383.061973823269,1,1,1,1,1,1,1,1,1,1
383.087841711599,0,0,1,1,0,0,0,0,0,0
383.113618013188,0,0,1,0,0,0,0,0,0,0
383.12670158935,0,0,1,1,1,1,1,1,1,1
383.229940728655,0,0,0,0,0,0,0,0,0,1
383.353024768427,0,0,1,1,0,1,1,1,0,1
384.136544255152,0,1,0,0,0,0,0,0,0,0
384.146249112676,1,1,0,0,1,1,1,1,0,0
385.020158329479,0,0,1,1,0,1,0,1,0,0
385.023463724932,0,0,0,0,0,0,0,1,0,0
385.041247297459,0,0,1,1,1,1,1,1,1,1
385.056500330622,0,0,1,1,0,1,0,1,1,1
385.092903606989,0,0,0,1,0,0,0,1,1,1
385.096268592277,0,0,0,0,0,0,0,0,0,1
385.129225024818,0,0,1,0,0,0,0,0,0,1
385.169080911481,0,0,0,0,0,0,0,1,0,0
385.209244802773,0,0,0,0,1,0,1,0,1,1
386.072910516549,0,0,1,0,0,0,0,0,0,1
386.999369561712,0,0,1,1,0,0,0,1,0,0
387.035782330147,0,0,1,1,1,1,0,1,1,1
387.05692392994,0,0,1,1,0,1,1,1,1,1
387.072164506515,0,0,1,1,0,1,1,1,1,1
387.09724637405,0,0,0,0,0,0,1,0,0,0
387.106308535077,0,0,0,0,1,0,0,0,0,0
387.108537109246,0,0,1,1,0,1,1,1,1,1
387.141744951642,0,0,0,0,1,0,0,0,0,0
387.144925934392,0,0,1,1,1,1,1,1,1,1
387.152127429249,0,0,0,0,0,0,0,0,0,1
387.181271326447,0,0,1,0,0,0,0,0,0,1
387.188485459668,1,1,1,1,1,1,1,1,1,1
387.224879236409,0,1,0,1,1,0,1,0,0,1
388.172501812849,1,1,0,1,0,1,1,1,0,1
388.935027782959,0,0,0,0,0,0,0,1,0,0
389.015030630069,0,0,1,1,0,1,1,1,0,1
389.051460675204,0,1,1,1,1,1,1,1,1,1
389.064479619368,0,0,1,1,1,0,1,1,1,1
389.072535459714,0,0,1,1,0,1,1,1,1,1
389.087797436197,0,1,1,1,1,1,1,1,1,1
389.124212180512,0,0,1,1,1,1,1,1,1,1
389.160577607689,0,0,1,1,1,1,1,1,1,1
389.167747391763,0,1,0,0,0,1,0,0,0,0
389.196955886215,0,0,1,0,0,0,0,0,0,0
389.204177880557,0,0,0,0,1,0,0,0,0,1
389.989771064294,0,0,0,0,0,0,0,0,0,1
390.046678420307,0,0,1,0,0,0,0,0,0,0
391.013000709981,0,0,0,0,0,1,0,0,0,0
391.030658021836,1,1,1,1,1,1,1,1,1,1
391.067072181836,1,1,1,1,1,1,1,1,1,1
391.073731307126,0,0,0,0,1,0,0,0,0,0
391.078406632076,0,0,0,0,0,0,0,0,1,1
391.088192582606,0,0,1,0,0,0,0,0,0,0
391.103438396276,1,0,1,1,1,1,1,1,1,1
391.106773069762,0,0,1,0,1,0,0,0,0,0
392.098710946304,0,0,1,0,0,0,0,0,0,1
392.232130675696,0,0,0,0,0,0,0,0,0,1
393.009908526357,0,0,1,0,0,1,0,1,0,0
393.046321803348,1,1,1,1,1,1,1,1,1,1
393.049677850621,0,0,0,0,1,0,0,0,0,0
393.05935778138,0,0,0,0,0,0,0,1,1,0
393.082686187308,1,1,1,1,1,1,1,1,1,1
393.093975428266,0,0,0,0,0,0,0,0,0,1
393.122392283851,0,0,1,0,1,1,0,0,0,0
393.140747086139,0,0,1,0,0,0,0,0,0,0
393.147484333342,0,0,1,0,0,0,1,0,0,0
393.190982440552,1,1,0,0,1,0,1,0,0,1
394.971437903005,0,0,1,0,1,0,0,0,0,0
395.025553889637,0,0,1,1,0,1,1,1,1,1
395.04416356365,0,0,0,0,0,0,0,0,1,0
395.061963644418,1,1,1,1,1,1,1,1,1,1
395.065338216021,0,0,0,0,1,0,0,0,0,0
395.090316448769,0,0,0,0,0,0,0,0,1,0
395.12667674729,0,0,1,1,1,1,1,0,0,1
395.138020793292,0,0,0,0,1,0,0,0,0,0
395.222729388366,1,0,0,0,1,0,0,0,0,0
395.999217295255,0,0,0,0,0,0,0,0,1,0
397.029149649705,0,1,1,1,1,1,1,1,0,1
397.041265486201,0,0,1,1,1,1,1,1,1,1
397.067143177887,0,0,1,0,0,0,1,0,0,0
397.178689726966,0,0,1,1,0,0,0,0,0,0
397.245606263579,0,0,0,0,0,0,0,0,0,1
398.072884270867,0,0,0,0,0,0,0,0,1,0
398.16185831962,0,1,0,0,0,1,0,0,0,0
399.020850188223,0,0,1,0,0,0,0,0,0,1
399.035808130185,0,0,1,1,0,0,0,1,1,0
399.05689320288,1,0,1,1,1,1,1,1,1,1
399.072129620395,0,0,1,0,0,0,0,1,1,1
399.085232204813,1,0,1,1,1,1,1,1,1,1
399.108556282225,0,0,1,0,0,0,0,0,1,1
399.144919624057,0,0,0,1,0,0,0,1,0,1
399.169408153034,0,0,0,0,0,0,0,1,0,0
399.224883267652,0,0,0,0,0,0,0,0,0,1
400.164514829566,0,0,0,0,1,0,0,0,0,1
400.220171360843,0,0,0,0,0,0,0,0,0,1
401.014979762062,0,0,1,1,0,1,1,1,0,0
401.036083857302,0,0,0,0,0,0,0,0,1,1
401.051390989383,1,0,1,1,0,1,1,1,1,1
401.064474948977,0,0,1,0,0,0,1,0,1,1
401.072530312219,0,0,1,1,1,1,1,1,1,1
401.087773156696,0,0,1,1,1,1,0,0,1,1
401.124177379548,0,0,1,1,0,1,1,0,1,1
401.160573328797,0,0,1,0,0,0,0,0,1,1
401.19692445176,0,0,0,1,0,0,0,0,0,0
401.204140080444,1,1,1,1,1,1,1,1,1,1
401.240556009425,0,0,0,0,1,0,0,0,0,1
402.1227423286,1,1,1,1,0,0,1,0,0,0
402.199371861089,0,0,0,0,0,0,0,0,0,1
403.030707164804,1,1,0,1,0,1,0,1,1,1
403.051806795172,0,0,0,1,0,0,0,0,1,0
403.052111665132,0,0,0,0,0,0,0,0,0,1
403.067062072702,0,0,1,1,1,1,1,1,1,1
403.103422043992,0,0,1,1,1,1,1,1,1,1
403.10673477499,0,0,0,0,0,0,0,0,1,0
403.137601432757,0,1,0,0,0,0,0,0,0,0
403.139842015822,0,0,1,1,1,1,1,1,1,1
403.176175926035,0,0,1,1,1,1,1,1,1,1
403.183382504284,0,1,0,1,1,1,1,1,0,1
403.194825272036,0,1,0,0,0,0,0,0,0,1
404.098720755726,0,0,0,0,0,0,0,1,1,0
404.105333675646,0,0,0,1,0,0,0,0,0,0
404.293714672467,0,0,0,0,1,0,0,0,0,0
404.940198008835,0,0,0,0,0,0,0,1,0,0
405.009876954188,0,0,1,0,0,1,1,1,0,0
405.028647889213,0,0,0,0,0,1,1,0,0,0
405.046340646475,1,1,1,1,1,1,1,1,1,1
405.049704279315,0,0,0,0,1,0,0,0,0,0
405.059394742209,0,0,1,0,0,0,0,0,0,1
405.082718505381,1,1,1,1,1,1,1,1,1,1
405.086056637883,0,0,1,0,1,1,0,0,0,0
405.11909766238,1,0,1,1,1,1,1,1,1,1
405.130513592902,0,0,0,0,0,0,0,0,0,1
405.155524006246,1,0,1,1,1,1,1,1,1,1
405.19186350397,0,0,1,1,1,1,1,1,1,1
406.077886690361,0,0,1,0,0,0,0,0,0,1
406.114330331801,0,0,1,0,0,0,0,0,0,1
407.025605080093,0,0,1,1,0,1,1,1,1,1
407.061933456416,1,1,1,1,1,1,1,1,1,1
407.065341281576,0,0,0,0,1,0,0,0,0,0
407.068693142458,0,0,0,0,1,0,0,0,0,0
407.098352639308,1,1,1,1,1,1,1,1,1,1
407.101652150457,0,0,1,0,1,1,0,0,0,0
407.119648507089,0,0,0,0,0,0,1,0,0,0
407.206625272182,0,1,0,0,1,0,1,0,0,1
407.228611181023,0,0,0,0,0,0,0,0,1,0
408.159896427171,0,0,0,1,0,0,0,0,0,0
408.190704759104,0,1,0,0,0,0,0,0,0,0
408.92077070099,0,0,1,1,0,0,0,0,1,1
409.041236955638,1,0,1,1,1,1,1,1,1,1
409.044585653741,0,1,0,0,0,0,0,0,1,0
409.077642662221,1,1,1,1,1,1,1,1,1,1
409.117275768627,0,0,0,0,1,0,0,0,0,0
409.17874681503,0,0,1,1,0,0,0,0,0,0
409.226467337717,0,0,0,0,0,0,0,1,0,0
410.109275434405,0,0,1,1,0,0,1,0,1,1
411.018902656725,0,0,0,0,1,0,1,1,0,0
411.020499919382,0,0,1,0,0,0,0,0,1,0
411.023863509172,0,0,0,0,1,0,0,0,1,0
411.05684843153,1,1,1,1,1,1,1,1,1,1
411.082720270252,0,0,0,0,1,0,0,0,1,0
411.085236137865,0,0,1,0,1,0,0,0,1,1
411.090058672936,1,0,0,1,0,1,1,0,0,0
411.093245879104,1,1,1,1,1,1,1,1,1,1
411.114389790246,0,0,0,0,1,0,0,0,0,1
411.121624831434,0,0,1,1,1,1,0,1,1,1
411.132928123021,0,0,0,0,1,1,0,0,0,0
411.194358590618,0,0,1,1,0,0,0,0,0,0
411.261230663811,0,0,0,0,0,0,0,0,0,1
411.987079848017,0,0,0,0,0,0,0,0,0,1
412.22004869494,0,0,0,0,0,0,0,0,0,1
413.015002767033,0,0,0,1,0,1,0,1,0,0
413.036153513737,0,0,1,1,0,1,1,1,1,1
413.051437537845,0,0,1,1,0,0,0,1,1,1
413.054745215279,0,0,0,0,0,0,0,0,1,1
413.070224593442,1,1,0,0,0,1,1,1,0,0
413.072567159976,1,0,1,1,1,1,1,1,1,1
413.087845776984,0,0,0,0,0,0,0,0,1,1
413.124166336757,0,0,0,0,0,0,0,0,1,1
413.133185297715,0,0,0,0,0,0,1,1,0,0
413.148625597393,0,0,0,0,1,0,0,1,0,0
413.21001881107,0,0,1,0,0,0,0,0,0,0
413.985037831169,0,0,0,0,0,0,0,0,0,1
414.235795156206,0,0,0,0,0,0,0,0,0,1
415.03066599077,0,0,1,1,0,1,0,1,1,1
415.051805542468,0,0,1,1,0,1,1,1,1,1
415.06708997868,1,1,1,1,0,1,1,1,1,1
415.088163934559,1,1,1,1,1,1,1,1,1,1
415.093060186141,0,0,0,0,1,0,0,0,0,0
415.095566118574,0,0,0,0,0,0,1,0,0,0
415.101127749807,0,0,0,1,0,0,0,0,0,0
415.103422029856,0,0,1,1,1,1,0,1,1,1
415.137543773992,0,1,0,0,1,0,0,0,1,0
415.139800834592,0,0,1,0,1,1,0,0,1,1
415.164288905639,0,0,1,0,1,0,0,1,0,0
415.176191224311,0,0,1,0,0,0,0,0,0,1
415.219764365738,1,1,1,1,1,1,1,1,1,1
416.098689107195,0,0,0,0,0,0,0,0,0,1
416.138369971469,0,0,0,1,0,0,0,0,0,0
416.2150152138,0,0,0,0,1,0,0,0,0,1
417.009907310273,0,0,0,1,0,0,0,1,0,0
417.046308622419,1,0,1,1,1,1,1,1,1,1
417.059381531824,0,0,1,0,0,0,0,0,0,0
417.067450615392,0,0,1,0,0,1,0,0,1,1
417.082729755436,1,1,1,1,1,1,1,1,1,1
417.119104387758,0,0,1,1,1,1,1,1,1,1
417.153240331746,0,0,0,0,1,0,0,0,1,0
417.155477299405,0,0,1,1,1,1,1,1,1,1
417.166162779496,0,0,0,0,1,0,0,0,0,0
417.191921079964,0,0,1,1,0,0,1,1,1,1
417.199108069681,1,1,1,1,1,1,1,1,1,1
418.961402488529,0,0,0,0,0,0,0,0,0,1
419.02564989881,1,1,1,1,0,1,1,1,1,1
419.044314550934,0,0,0,0,0,0,1,0,0,0
419.062000617374,1,1,1,1,1,1,1,1,1,1
419.08308517486,0,0,1,0,0,0,0,0,0,0
419.098346584978,0,0,1,1,1,1,1,1,1,1
419.134769001433,1,0,1,1,1,1,1,1,1,1
419.171121992706,1,1,1,1,1,1,1,1,1,1
419.207469957454,0,0,1,0,0,1,1,1,0,0
419.329714064048,0,1,1,1,0,1,1,1,1,1
420.057215833137,0,0,0,0,0,0,0,0,1,0
420.093623263079,0,0,0,0,0,0,0,0,1,1
420.100178689547,0,0,0,1,0,0,0,0,0,0
420.950809626186,0,0,1,0,0,0,0,0,0,0
421.041250402563,1,1,1,1,0,1,1,1,1,1
421.068870269898,1,1,0,0,0,0,0,0,0,0
421.077587970374,1,1,1,1,1,1,1,1,1,1
421.080930784924,0,0,1,0,1,0,0,0,0,0
421.114012814373,1,1,1,1,1,1,1,1,1,1
421.117267583508,0,0,0,0,1,0,0,0,0,0
421.222236983354,0,0,0,0,0,0,0,0,0,1
421.939512737384,0,0,0,0,0,1,0,0,0,0
422.072852486413,0,0,0,0,0,0,0,0,1,0
422.109253790084,0,0,0,0,0,0,1,0,1,0
422.304051826739,0,1,0,0,0,0,0,0,0,0
423.020523971512,0,0,1,1,0,0,0,0,1,1
423.056912426131,1,1,1,1,1,1,1,1,1,1
423.060294934359,0,0,0,0,1,0,0,0,0,0
423.063517104325,0,0,0,0,1,0,0,0,0,0
423.084319237734,0,0,0,0,0,0,0,0,1,0
423.093256520067,0,1,1,1,1,1,1,1,1,1
423.121473611771,0,0,0,0,0,0,0,0,0,1
423.158072465456,0,0,1,0,0,0,0,0,0,0
423.187199434546,0,0,0,0,1,0,0,0,0,0
424.088512699001,0,0,0,0,0,0,0,0,1,1
424.164153286822,0,0,0,0,0,0,0,0,1,0
425.015056252318,0,0,1,0,0,0,0,0,0,0
425.036186438407,0,0,1,1,0,1,1,1,1,1
425.039559995614,0,0,0,0,0,0,0,0,1,0
425.051445295092,0,0,1,0,0,1,0,0,0,0
425.072566890514,1,1,1,1,0,1,0,1,1,1
425.08562879894,0,1,1,0,1,1,0,0,1,0
425.08905899296,0,1,0,0,0,0,0,0,0,0
425.112303577038,0,0,0,0,1,0,0,0,0,0
425.137290031914,0,0,1,1,1,0,0,0,0,1
425.173664486624,0,0,1,1,0,0,0,1,0,1
425.219120244244,0,0,0,0,0,0,0,0,0,1
426.074248693157,0,0,0,0,1,0,1,0,0,0
426.104212525782,0,0,1,1,0,0,1,0,1,1
426.140910010078,1,1,0,0,0,0,0,0,0,0
427.014244076458,0,0,0,0,0,1,0,0,0,0
427.03069297629,0,0,1,0,0,0,0,1,1,0
427.051827179376,1,0,1,1,0,1,1,1,1,1
427.067054986542,0,0,1,1,0,0,0,0,0,0
427.085894080309,1,1,1,0,1,1,1,1,0,0
427.088210321811,1,0,1,1,1,1,1,1,1,1
427.101217319661,0,0,1,0,1,0,0,0,0,0
427.103455527219,0,0,0,0,0,0,0,0,0,1
427.116532815171,0,0,1,1,1,1,1,1,1,1
427.119439470086,0,0,0,0,0,0,0,0,0,1
427.127872099267,0,0,1,0,1,0,0,0,0,0
427.139868036945,0,0,0,0,0,0,0,0,1,0
427.150428208827,0,0,0,0,1,0,1,0,0,0
427.152939196354,0,0,1,1,1,1,1,1,1,1
428.083500651871,0,0,0,0,0,0,0,0,0,1
428.083818819476,0,0,0,0,0,0,0,0,1,0
428.251502304313,0,0,0,0,0,0,0,0,0,1
429.009936239586,0,0,1,0,0,0,0,0,0,0
429.031048753195,0,0,0,0,0,0,0,0,1,0
429.04634935807,0,1,1,1,0,1,1,1,1,1
429.049713527434,0,0,0,0,0,0,0,0,0,1
429.056939595445,0,0,0,0,1,1,0,0,0,0
429.067478152054,0,0,1,1,1,1,1,1,1,1
429.082780166243,1,1,1,1,1,1,1,1,1,1
429.093332582133,0,0,1,0,1,1,1,0,0,1
429.095806825482,0,0,1,1,1,1,1,1,1,1
429.119070590131,0,0,1,0,0,0,0,0,1,1
429.143509996618,0,0,0,0,1,0,0,0,0,0
429.172725711066,0,0,1,0,0,0,0,0,0,0
429.191908757431,0,0,0,1,0,1,1,0,1,0
429.199112673353,0,0,0,0,0,0,0,0,0,1
429.235474484795,1,1,1,1,1,1,1,1,1,1
430.07796278724,0,0,0,0,0,0,0,0,1,0
430.19425159059,0,1,0,0,0,0,0,0,0,1
430.230700044818,0,0,0,0,1,0,1,0,0,1
430.355242758927,1,0,0,0,0,0,0,0,0,0
430.953869467965,0,0,0,0,0,1,0,0,0,0
431.025608144845,0,0,1,1,0,1,1,1,1,1
431.046695359347,0,0,0,0,0,0,0,0,1,0
431.047040654953,0,0,0,0,0,0,0,0,0,1
431.061989235377,1,0,1,1,1,1,1,1,1,1
431.075039973235,0,0,1,1,1,1,0,1,1,1
431.07986515674,1,0,0,0,0,0,0,0,0,0
431.083112171686,0,0,1,1,0,0,1,0,1,1
431.096175701385,0,0,1,0,1,1,0,1,0,1
431.098403029763,0,0,1,1,1,1,1,1,1,1
431.101686310023,0,0,0,0,1,0,0,0,0,0
431.134790025813,0,0,1,1,1,1,1,1,1,1
431.17112897083,0,0,1,1,0,1,1,1,1,1
431.174701504038,0,0,0,0,0,0,0,0,1,0
431.178343087281,0,1,0,1,0,1,0,0,0,0
431.207552113338,0,0,0,1,0,0,0,0,0,1
431.214775341593,0,1,0,1,1,1,1,1,1,1
431.251171774037,0,0,0,0,0,0,0,0,0,1
432.057258830204,0,0,0,0,0,0,0,0,1,0
432.09366795784,0,0,1,0,0,0,0,0,0,0
433.004806445734,0,0,1,0,0,0,0,0,0,0
433.034185238443,0,0,0,0,1,0,0,0,0,0
433.041278715971,1,1,1,1,1,1,1,1,1,1
433.062408977395,0,0,0,0,0,0,0,0,1,1
433.077685082233,0,0,1,1,1,1,1,1,1,1
433.105858553752,0,0,0,0,1,0,0,0,0,0
433.114024792418,0,0,1,1,1,1,1,1,1,1
433.142472007118,0,0,0,0,1,0,0,0,0,0
433.150430202618,0,1,1,1,1,1,1,1,1,1
433.186850537169,1,0,1,1,1,1,1,1,1,1
433.309032004276,0,0,1,0,0,0,0,1,0,0
434.072887066175,0,0,0,0,0,0,0,0,1,0
434.09342062987,0,0,0,0,0,0,0,0,0,1
434.965856990031,0,0,0,0,0,0,0,0,1,0
435.020539260446,0,0,1,1,0,1,1,1,1,1
435.044227386632,0,0,0,0,0,0,1,1,0,0
435.056955274874,1,1,1,1,1,1,1,1,1,1
435.069975288849,0,0,0,0,0,0,0,0,0,1
435.084527364966,0,1,0,0,0,0,0,0,0,0
435.09330045953,1,1,1,1,1,1,1,1,1,1
435.103801183489,0,0,0,0,1,0,0,0,1,0
435.12967326314,1,1,1,1,1,1,1,1,1,1
435.237834267722,0,0,0,0,0,0,0,0,0,1
436.052157044089,0,0,0,0,0,0,0,0,1,0
436.088535127009,0,0,0,0,0,0,1,0,1,1
436.124866262007,0,0,0,0,0,0,0,0,1,1
437.036189125917,0,0,1,1,1,1,1,1,1,1
437.063367239345,0,0,0,0,0,0,0,0,1,0
437.072585458072,1,1,1,1,1,1,1,1,1,1
437.075965368891,0,0,0,0,1,0,0,0,0,0
437.098475306089,0,0,0,1,1,0,0,0,0,0
437.103767297209,0,0,0,0,0,0,0,0,0,1
437.108930056889,1,1,1,1,1,1,1,1,1,1
437.148542879537,0,0,0,0,0,1,0,0,0,0
437.173693177255,0,0,1,1,0,1,0,1,0,1
437.217057397266,0,0,0,0,0,0,0,0,0,1
437.257770156864,0,0,0,0,0,0,0,1,0,0
437.974286920209,0,0,0,0,0,1,0,0,0,0
438.067782590565,0,0,0,0,0,0,0,0,1,1
438.10419633434,0,0,1,0,0,0,0,0,1,1
439.015468913104,0,0,1,0,0,0,0,0,0,0
439.030677157054,0,0,0,0,0,0,0,0,1,0
439.055165624139,0,1,0,0,1,0,0,0,1,0
439.067060514861,0,0,0,0,0,1,0,0,0,0
439.07766011533,0,0,0,0,0,1,0,0,0,0
439.080170815225,0,0,0,0,0,0,0,0,0,1
439.088161062818,1,1,1,1,0,1,0,1,1,1
439.091556045971,0,0,0,0,1,0,0,0,0,0
439.099436302225,0,0,0,0,0,0,0,0,0,1
439.106778348986,0,0,0,0,0,0,0,0,1,0
439.114102440742,0,0,0,0,1,0,0,0,0,0
439.165023831608,0,0,0,0,0,0,0,0,1,0
439.273476009983,0,0,0,0,0,0,0,1,0,1
440.068395113544,0,0,0,0,0,0,0,0,0,1
440.119827379301,0,0,1,0,0,0,1,0,1,1
440.177690979363,0,0,0,0,0,0,0,0,1,0
440.192941937655,0,0,0,0,0,0,0,0,0,1
441.031027668648,0,0,1,1,0,1,0,0,1,1
441.046330353718,0,0,1,1,0,1,0,1,1,1
441.067445217603,1,0,1,1,1,1,1,1,1,1
441.082682517206,0,0,1,1,0,0,0,1,0,1
441.083018247332,0,0,0,0,0,0,0,0,1,0
441.101538331369,1,1,1,0,1,1,1,1,0,0
441.119161409272,0,0,0,0,0,0,0,0,0,1
441.129725298742,1,0,0,1,1,0,1,0,0,0
441.132181024161,0,0,1,1,1,0,1,1,1,1
441.155411082255,0,0,0,0,0,0,0,0,0,1
441.166094118396,0,0,1,0,0,0,0,0,0,0
441.168546108283,1,0,1,1,1,1,1,1,1,1
441.179855503598,0,0,0,0,0,0,0,1,0,0
441.204968766383,0,0,1,1,0,0,0,0,0,0
441.235446855782,0,0,0,0,0,0,0,0,0,1
441.271812079975,0,0,0,0,0,0,0,0,0,1
442.099084741158,0,0,0,0,1,0,0,0,1,1
442.135796003932,0,1,0,0,0,0,0,0,0,0
442.172149384013,0,0,0,0,0,0,0,0,0,1
442.230664611481,0,0,0,0,1,0,0,0,0,0
442.267112461559,0,0,0,0,0,0,0,0,0,1
443.025570050744,0,0,1,1,0,1,1,1,1,0
443.046693202057,0,0,1,1,0,1,0,1,1,1
443.06197252065,0,0,1,1,0,1,1,1,1,1
443.075077305562,0,0,0,0,0,0,0,0,1,1
443.08312105635,0,0,1,1,1,1,1,1,1,1
443.098414050448,1,1,1,1,1,1,1,1,1,1
443.132440327809,0,1,0,0,1,0,0,0,0,0
443.251099249321,0,1,0,1,1,0,1,1,1,1
444.136697868623,0,0,0,1,0,0,0,0,0,0
444.209932863225,0,1,1,1,1,1,1,1,0,1
444.246333336633,0,0,0,0,1,0,0,0,0,1
444.988227358365,0,0,1,0,0,0,0,0,0,0
445.004901479082,0,0,1,0,0,0,0,0,0,0
445.041231611724,1,0,1,1,1,1,1,1,1,1
445.062314822367,0,0,1,0,0,0,0,0,1,1
445.077648929997,0,0,1,1,0,1,1,1,1,1
445.080963176078,0,0,1,0,0,0,0,0,0,0
445.089932099237,0,0,0,0,0,0,0,0,1,0
445.090703609108,0,0,1,1,1,1,0,1,0,1
445.098764302069,0,0,1,1,0,1,0,0,1,1
445.114028424843,0,0,1,1,1,1,1,1,1,1
445.117316545357,0,0,1,0,1,0,0,0,0,0
445.148151570789,1,1,1,1,1,1,1,1,1,1
445.193953878212,0,0,1,1,0,1,0,0,0,1
445.230368100921,1,1,0,1,0,1,1,1,1,1
446.072883599527,0,0,0,0,0,0,0,0,1,1
446.102835428456,0,1,0,0,0,0,0,0,0,0
447.020548321988,0,0,1,1,0,1,0,1,1,0
447.020806869712,0,0,0,0,0,0,0,0,0,1
447.05691596879,0,1,1,1,1,1,1,1,1,1
447.067570130196,0,0,0,0,1,0,0,0,1,0
447.069933569309,0,0,0,0,0,0,0,0,1,1
447.077981685558,0,0,0,0,0,0,0,0,1,1
447.09106680313,1,1,1,1,1,0,0,1,0,0
447.09324777296,0,0,1,1,1,1,1,1,1,1
447.10371910015,0,0,0,1,0,0,0,0,0,0
447.129676968486,0,0,1,1,1,1,1,1,1,1
447.163857111717,1,1,1,1,1,1,1,1,0,1
447.202454273815,0,0,1,1,0,0,1,1,1,1
447.360980069941,0,0,1,0,0,1,1,1,0,1
449.036153802432,0,0,1,1,0,1,1,1,1,1
449.036447911377,0,1,0,0,0,0,0,0,0,0
449.072543871549,1,1,1,1,1,1,1,1,1,1
449.083649515919,0,0,0,0,0,0,0,0,1,0
449.088169269274,0,0,0,0,0,0,0,1,0,0
449.108959458991,0,1,1,1,1,1,1,1,1,1
450.067749963758,0,0,0,0,0,0,0,0,1,0
451.015396248011,0,0,0,0,0,0,0,0,1,0
451.051814909722,0,1,1,1,1,1,1,1,1,1
451.088224866763,0,1,1,1,1,1,1,1,1,1
451.124612374534,1,0,1,1,1,1,1,1,1,1
451.189282729289,0,0,0,0,0,1,0,0,0,1
452.046936454662,0,0,0,0,0,0,0,0,1,0
452.083774735956,0,0,0,0,0,0,0,0,1,0
452.119830814652,0,0,0,0,0,0,0,0,1,1
452.174285334218,0,0,0,0,0,0,0,0,1,0
452.18760664893,0,0,0,0,0,0,0,0,1,0
452.192914819162,0,0,0,0,0,0,0,0,1,0
453.031047454848,0,0,1,0,0,1,0,0,1,1
453.046284501615,0,0,0,0,0,1,0,0,0,1
453.067431269955,0,1,1,1,1,1,1,1,1,1
453.093360933238,0,0,0,1,0,1,0,0,0,1
453.103879493075,0,1,1,1,1,1,1,1,1,1
453.168610789958,0,0,1,1,0,0,1,1,1,1
453.204946596811,0,0,1,0,0,0,0,0,0,0
454.034084083681,0,0,0,0,0,0,0,0,0,1
454.099058620902,0,0,0,0,0,0,0,0,1,1
454.211025012645,0,0,0,0,0,0,0,0,0,1
454.267063090616,0,0,0,0,0,0,0,0,0,1
455.025578379492,0,0,1,1,0,1,0,0,0,0
455.025919039701,0,0,0,0,0,0,0,0,1,0
455.046715100367,0,0,1,1,0,1,1,1,1,1
455.061988470262,0,0,1,0,0,0,0,1,1,0
455.083066172065,0,0,1,1,1,1,1,1,1,1
455.086501932935,0,0,0,0,1,0,0,0,0,0
455.098305138936,0,0,1,0,0,0,0,0,0,0
455.101632111961,0,0,0,0,0,0,0,0,1,0
455.111453581766,0,0,1,1,0,0,0,0,1,1
455.117150800095,0,1,0,0,0,1,0,0,0,0
455.134741918373,0,0,0,0,0,0,0,0,0,1
455.145370292843,0,0,0,0,1,1,1,1,0,0
455.147865874753,0,0,1,1,1,1,1,1,1,1
455.150698063933,0,0,1,0,0,0,1,0,0,0
455.220634643492,0,0,0,1,0,0,0,0,0,0
455.251073856027,0,0,0,0,0,0,0,0,0,1
456.208987109755,0,0,0,0,0,0,0,0,1,0
456.246286089955,0,0,0,0,0,0,0,0,0,1
456.95950498231,0,0,1,0,0,0,0,0,1,1
457.004775759703,0,0,1,0,0,0,0,0,0,0
457.025889821146,0,0,1,0,0,0,0,0,1,0
457.041197798623,0,0,1,1,0,1,1,1,1,1
457.041453831281,0,0,0,0,1,0,0,0,0,0
457.062313980676,0,0,1,1,0,1,1,1,1,1
457.077591558917,0,0,1,0,0,1,0,1,1,1
457.098763730391,0,0,1,1,1,1,1,1,1,1
457.114048644519,0,1,1,1,0,1,1,1,1,1
457.122483878065,0,0,0,0,0,0,0,0,0,1
457.150634103094,0,0,0,0,1,0,0,0,1,0
457.186776434373,0,0,0,0,0,0,0,0,0,1
457.266802297369,0,0,0,1,0,0,0,0,0,1
458.112616799269,0,0,0,0,0,0,0,0,1,0
458.130707451724,0,0,0,0,0,0,0,0,1,0
458.225568277273,0,1,1,1,0,1,0,1,0,1
458.26194192877,0,0,0,0,1,0,0,0,0,1
458.957571648701,0,0,1,0,0,0,0,1,1,1
459.020459619933,0,0,1,1,1,0,0,1,1,0
459.041590498912,0,0,0,0,0,0,0,0,1,0
459.056886551281,1,0,1,1,1,1,1,1,1,1
459.069974063579,0,0,0,0,0,0,0,0,0,1
459.07803100804,0,0,1,1,0,0,0,0,1,1
459.093298769617,0,0,1,1,1,1,1,1,1,1
459.102601899248,0,0,0,0,1,0,0,0,0,0
459.20239411103,0,0,0,1,0,1,0,0,0,0
459.209658245676,0,1,0,0,0,0,0,0,0,1
459.246044317094,0,1,1,0,0,0,1,1,1,1
459.397455217866,0,0,1,0,0,0,0,0,0,0
460.08887299192,0,0,0,0,0,0,0,0,0,1
460.204846758655,0,0,0,0,1,0,0,0,0,1
460.255528048768,0,0,0,0,0,0,0,0,1,0
461.017683714067,0,0,0,0,1,0,0,0,0,0
461.036135966289,0,0,1,1,1,1,1,1,1,1
461.072585278075,1,1,1,1,1,1,1,1,1,1
461.085594932414,0,0,0,1,1,0,0,0,1,1
461.093677267382,0,0,0,0,0,0,0,0,1,0
461.097484125907,0,0,0,0,0,1,0,0,0,0
461.108943198435,0,0,1,1,1,1,1,1,1,1
461.112221312673,0,0,0,0,1,0,0,0,0,0
461.119520447362,0,0,0,0,1,0,0,0,0,0
461.145280607664,1,0,1,1,1,1,1,1,1,1
461.218087864382,0,0,1,1,0,0,0,0,1,1
461.340275138697,0,0,0,0,0,0,0,1,0,0
462.06775311019,0,0,0,0,0,0,0,0,1,0
463.0153806566,0,0,1,1,0,0,0,0,0,0
463.044720930198,0,0,0,0,1,0,0,0,0,0
463.051796648179,0,0,1,1,1,1,1,1,1,1
463.088237089778,1,0,1,1,1,1,1,1,1,1
463.124640508137,1,0,1,1,1,1,1,1,1,1
463.255135292031,0,0,1,0,0,0,0,0,0,0
463.998321992832,0,0,0,0,0,0,0,0,1,1
464.083450108891,0,0,0,0,0,0,0,0,1,0
464.250459516772,0,0,0,0,0,0,0,0,1,0
465.023517909747,0,0,0,0,0,0,0,0,0,1
465.031077651473,0,0,1,1,0,1,0,1,1,1
465.067432255195,1,1,1,1,1,1,1,1,1,1
465.103724532452,1,0,1,1,1,1,1,1,1,1
465.13502752828,0,0,0,0,0,0,0,0,1,0
465.140219212629,1,1,1,1,1,1,0,1,1,1
465.166877949721,0,0,0,1,0,0,0,0,0,0
465.176649942824,0,0,0,0,0,0,0,0,1,0
466.062997082592,0,0,0,0,0,0,0,0,1,0
466.09944195021,0,0,0,0,0,0,0,0,1,0
467.023352858067,0,0,0,0,1,0,0,0,0,0
467.046664879621,0,0,1,1,0,1,1,1,1,1
467.051668175618,0,0,0,0,0,1,0,0,0,0
467.061940150565,0,0,1,0,0,0,0,0,0,0
467.083088723042,0,0,1,1,1,1,1,1,1,1
467.09614770225,0,0,0,0,1,0,0,0,0,0
467.119488879741,0,0,1,1,1,1,1,1,1,1
467.129058055553,0,0,0,0,0,1,0,0,0,0
467.163863819359,0,0,0,1,1,0,1,0,0,1
467.266173398582,0,0,0,0,0,0,0,0,0,1
467.366119008744,0,0,0,0,0,0,0,0,0,1
468.091450135612,0,0,0,0,0,0,0,1,0,0
468.114758550199,0,0,0,0,0,0,0,0,1,1
468.178443678097,0,0,0,0,1,0,0,0,0,0
468.988626117229,0,0,0,0,0,0,1,0,0,0
469.025955901074,0,0,1,0,0,0,0,0,0,0
469.026254264909,0,0,0,0,0,0,0,0,1,0
469.041251120829,0,0,1,1,0,1,0,1,1,1
469.054010994767,0,0,0,0,0,0,0,0,1,0
469.062391950278,0,0,1,1,0,1,1,1,1,1
469.077654866646,0,0,1,0,0,0,0,0,1,0
469.098788737284,1,0,1,1,1,1,1,1,1,1
469.11179560357,0,0,0,1,1,0,0,0,1,0
469.123400117997,0,0,0,0,0,0,1,0,0,0
469.124589870812,0,0,0,0,1,0,0,0,0,0
469.127129437497,0,0,1,1,1,1,1,0,0,1
469.129994607045,0,0,0,0,0,0,0,0,1,0
469.163470241374,0,0,1,1,1,1,1,1,1,1
469.166338138228,0,0,0,0,0,0,0,0,0,1
469.174811970986,0,0,1,0,1,0,0,0,0,0
469.199879909172,0,0,1,1,1,1,1,1,0,1
470.015819924074,0,0,0,0,0,0,0,0,0,1
470.225554732536,0,0,0,1,0,0,0,0,0,1
470.896799689726,1,1,0,1,1,0,1,1,0,0
471.020438898052,0,0,1,1,0,0,0,0,1,0
471.028856422024,1,1,0,0,0,0,0,1,0,0
471.041603467768,0,0,1,1,0,0,0,0,1,1
471.0568865953,0,0,1,1,0,1,1,1,1,1
471.078035727446,0,0,1,1,1,1,1,1,1,1
471.093294714313,0,0,1,1,0,1,1,1,1,1
471.103841750038,0,0,0,0,1,0,0,0,0,0
471.106379452438,0,0,1,1,1,1,1,0,1,1
471.114437648015,0,0,1,1,1,1,1,1,1,1
471.129681131608,0,0,1,1,0,1,0,0,0,1
471.129957436476,0,0,0,0,0,0,0,0,1,0
471.14026237024,1,1,0,1,1,1,0,0,0,0
471.166036030497,0,0,0,0,0,0,0,0,0,1
471.181992303387,0,0,0,0,0,0,1,0,0,0
471.24500421611,0,0,1,0,0,0,0,0,0,0
471.282465730879,0,0,0,0,0,0,1,0,0,1
472.052115276682,0,0,0,0,0,0,0,0,1,0
472.241253127814,0,1,1,1,0,1,1,1,1,1
472.277675522153,0,0,0,0,0,0,0,0,0,1
473.036115198747,0,0,1,1,0,1,1,1,1,1
473.057226077958,0,0,1,0,0,0,0,0,1,1
473.072512021629,1,1,1,1,1,1,1,1,1,1
473.084577828726,0,0,0,0,0,0,0,0,0,1
473.093654028881,0,0,1,1,0,1,1,0,1,1
473.10896169189,0,0,1,1,1,1,1,1,1,1
473.119457232251,1,0,1,1,1,0,0,0,0,0
473.119748184,0,0,0,0,0,1,0,0,0,0
473.154644041033,0,0,0,0,0,0,1,0,0,0
473.181653407115,0,0,1,1,1,0,1,1,0,0
473.192479446663,0,0,0,0,1,0,1,0,0,0
473.225223648305,0,1,0,0,0,0,0,0,0,0
474.220479270808,0,1,0,1,0,1,0,0,0,0
475.015507855632,0,0,1,1,0,0,0,0,1,0
475.051847246304,0,0,1,1,1,1,1,1,1,1
475.088201185657,1,0,1,1,1,1,1,1,1,1
475.101225288726,0,0,1,1,1,0,0,1,1,1
475.109293900134,0,0,1,0,0,0,0,0,1,0
475.113064396794,0,0,0,0,0,1,0,0,0,0
475.124578091397,0,0,1,1,1,1,1,1,1,1
475.153051363191,0,0,0,0,1,0,1,0,0,0
475.197358389296,0,0,1,1,1,1,0,1,1,1
475.233737842492,0,0,0,0,0,0,0,0,1,1
476.083460205126,0,0,1,0,0,0,0,0,1,0
477.030996834805,0,0,1,1,0,1,0,0,1,1
477.067440428582,0,0,1,1,1,1,1,1,1,1
477.078755589748,0,0,0,0,0,0,0,0,0,1
477.103863774774,0,0,1,1,1,1,1,1,1,1
477.114845740516,0,0,0,0,0,0,0,0,1,0
477.124996649804,0,0,0,0,0,0,0,0,1,0
477.140239441194,0,0,1,1,1,1,1,1,1,1
477.16869751449,0,0,0,0,1,0,0,1,0,0
477.213287080371,0,0,0,0,0,0,1,0,0,0
477.234412509853,0,1,0,1,0,0,0,0,0,0
478.062670181076,0,0,0,0,0,0,0,0,0,1
478.099385906232,0,0,0,0,0,0,0,0,0,1
479.01143840211,0,0,0,0,0,0,0,0,0,1
479.046746846163,0,0,1,1,0,1,1,1,1,1
479.083137241405,0,0,1,1,1,1,1,1,1,1
479.119494456519,0,1,1,1,1,1,1,1,1,1
479.145956774233,0,0,0,0,1,0,0,0,0,0
479.15156388707,0,0,0,0,0,0,1,0,0,0
479.184231621692,0,0,0,0,1,0,0,1,0,0
479.195429798378,0,0,1,0,1,0,0,0,0,0
479.21472492486,0,0,0,0,0,0,0,0,0,1
480.078308154911,0,0,0,0,0,0,0,0,1,0
480.115159599023,0,0,0,0,0,0,0,0,0,1
481.02453006861,1,0,0,0,0,0,0,0,0,0
481.025985276661,0,0,1,0,0,0,0,0,1,0
481.041230242308,0,0,1,0,0,0,0,0,1,0
481.062459861554,1,0,1,1,1,1,1,1,1,1
481.098759907666,1,0,1,1,0,1,1,1,1,1
481.129120375362,0,0,0,0,0,0,0,0,1,0
481.199927209289,0,0,1,1,1,0,1,0,0,0
482.203557634268,0,0,0,0,0,0,0,0,1,0
483.020481024816,0,0,1,0,0,0,0,0,0,0
483.040576247377,0,0,0,0,1,0,1,0,0,0
483.041725037218,0,0,1,1,0,0,0,0,1,1
483.04410955612,0,0,0,0,1,0,0,0,0,0
483.057230615606,0,0,1,0,0,0,0,1,1,1
483.078054850357,0,0,1,1,0,1,1,1,1,1
483.093246321302,0,0,1,0,0,0,0,0,1,1
483.106385439294,0,0,0,0,0,0,0,0,1,1
483.114399192026,0,0,1,1,1,1,1,1,1,1
483.127382910016,0,0,0,0,1,0,0,0,0,0
483.140198782256,0,0,0,0,0,1,0,0,0,0
483.150742610082,0,0,0,0,0,0,0,0,1,0
483.179104483164,0,0,1,0,0,0,0,0,0,1
483.215529180731,0,0,1,0,0,0,1,0,0,0
484.146324542984,0,0,0,0,0,0,0,0,1,0
484.166649865217,0,0,0,0,0,0,1,0,0,0
484.241262849149,0,0,0,0,0,0,0,0,0,1
484.912430664887,1,0,0,1,1,1,1,0,1,1
485.036107791649,0,0,1,1,0,1,0,1,1,0
485.044507848671,1,1,0,0,0,1,1,1,0,0
485.057251926055,0,0,1,1,0,0,0,0,1,1
485.072546720618,0,0,1,1,0,1,0,1,1,1
485.084644278856,0,0,0,0,0,0,0,0,0,1
485.093702257776,0,0,1,1,1,1,1,1,1,1
485.106459084306,0,0,0,0,0,1,0,0,0,0
485.108999924423,0,0,1,0,0,0,0,0,1,1
485.130125715282,0,0,1,1,0,1,1,1,1,1
485.145361877871,0,0,0,0,0,0,0,0,1,1
485.166388718212,0,0,0,0,0,0,0,0,1,0
485.181731462965,0,0,0,0,0,0,0,0,1,0
485.192850956928,0,0,1,0,0,0,0,0,0,0
485.206928046269,0,0,0,0,1,0,0,0,0,0
486.177870955597,0,0,1,1,0,0,0,0,0,0
487.015408641207,0,0,0,0,0,0,0,0,1,0
487.015731621204,0,0,1,0,0,0,0,0,0,0
487.051808001915,0,0,1,1,0,1,1,1,1,1
487.072908385839,0,0,1,0,0,1,0,0,1,1
487.088158081193,1,0,1,1,0,0,1,1,1,1
487.101206544156,0,0,0,0,0,0,0,0,1,1
487.109268338757,0,0,1,1,0,0,0,0,1,1
487.135049294402,0,0,0,0,0,0,0,1,0,0
487.160973136599,0,0,1,0,0,0,0,0,1,1
487.197382463639,0,0,1,1,0,0,0,0,0,0
487.305526987522,0,1,0,1,0,0,0,0,0,0
488.199693384209,0,0,0,1,0,0,0,0,0,0
488.236099399069,0,0,0,0,0,0,0,0,0,1
489.030996211939,0,0,1,1,0,1,1,0,1,0
489.031308976891,0,0,0,0,0,0,0,0,0,1
489.038978891875,0,0,0,0,0,1,0,0,0,0
489.067452353664,0,0,1,1,1,1,1,1,1,1
489.088590686027,0,0,0,0,0,0,0,0,1,0
489.103909296539,0,0,1,1,1,1,1,1,1,1
489.12556897918,0,0,0,0,0,0,0,0,0,1
489.176638563852,0,0,1,1,1,1,0,1,1,1
489.212978407267,0,0,1,0,0,0,0,0,1,1
490.099187955428,0,0,0,0,0,0,0,0,1,0
490.302457737963,0,0,0,0,0,0,0,0,0,1
490.935451978138,0,0,0,0,0,1,0,0,0,0
491.046731187286,0,0,1,1,0,1,1,1,1,1
491.083140362522,1,0,1,1,1,1,1,1,1,1
491.096136538615,0,0,0,0,0,0,0,0,1,0
491.119503011574,0,0,1,1,1,1,1,1,1,1
491.150696689293,0,0,0,0,1,0,0,0,0,0
491.176416249747,0,0,0,0,0,0,0,0,1,0
491.213654380969,1,0,0,0,0,0,0,0,0,0
491.22867516802,0,0,1,1,0,0,1,1,1,1
491.271288577709,1,0,0,0,0,0,0,0,0,0
492.013314496241,0,0,0,0,0,0,0,0,0,1
492.151078834575,0,0,0,0,0,0,0,0,0,1
492.183412600875,0,1,0,0,0,0,0,0,0,0
493.025983616207,0,0,1,0,0,1,0,0,1,0
493.062382400704,0,0,1,1,1,1,1,1,1,1
493.098754570284,1,0,1,1,0,1,1,1,1,1
493.135110438364,0,0,1,1,1,1,1,1,1,1
493.166360347435,0,0,0,0,0,0,0,0,1,0
493.192830282249,0,0,0,0,1,0,0,0,0,0
494.089343883263,0,0,0,0,0,0,0,0,1,0
494.151858417945,0,0,0,0,0,1,0,0,0,0
494.929556764937,0,0,0,0,0,1,0,0,0,0
495.041686558027,0,0,1,1,0,1,1,0,1,1
495.056950854391,0,0,1,0,0,0,0,0,0,0
495.078065105915,0,0,1,1,0,1,1,1,1,1
495.114510570912,0,0,1,1,1,1,1,1,1,1
495.139070153662,0,0,0,0,1,0,0,0,0,0
495.150750770813,1,1,1,1,1,1,1,1,1,1
495.190438331314,0,0,0,0,1,0,0,0,0,0
495.303532244717,0,0,0,0,0,0,0,1,0,0
496.10965058361,0,0,0,0,0,0,0,0,0,1
496.255474078151,0,0,1,0,0,0,0,0,0,0
497.036093518702,0,0,1,0,0,0,0,0,0,0
497.05734784359,0,0,1,1,0,1,0,0,1,1
497.059832504576,0,0,0,0,1,0,0,0,0,0
497.072516047067,0,0,1,0,0,0,0,1,0,1
497.09397655356,0,0,1,1,0,1,0,0,1,1
497.107375741899,0,0,0,0,0,0,0,0,1,0
497.108964607511,0,0,1,0,0,0,0,0,0,0
497.114459704705,0,0,0,0,0,0,0,0,1,0
497.121498378503,0,0,0,0,0,0,0,0,0,1
497.122051442955,0,0,1,0,1,0,0,0,1,0
497.130070607371,1,0,1,1,1,1,1,1,1,1
497.154708774359,0,0,0,0,0,0,0,0,1,0
497.162161094428,0,0,0,0,0,0,1,1,0,0
497.194774990629,0,0,0,1,0,1,0,0,0,0
497.197599552235,0,1,0,0,0,0,1,0,0,0
497.934528731839,0,0,0,0,0,0,0,0,1,0
498.198407074004,0,0,0,0,0,0,0,0,1,0
498.219482173741,0,0,0,0,0,0,0,0,1,0
498.928040556679,0,0,1,0,0,0,0,0,1,1
499.051774333812,0,0,1,1,0,1,0,1,1,1
499.060178065327,0,1,0,0,0,1,0,1,0,0
499.072959600259,0,0,1,1,0,1,0,0,1,1
499.073285977484,0,0,0,0,0,0,1,0,0,0
499.088141354548,0,0,1,1,0,0,0,0,1,1
499.088429960004,0,0,0,0,0,1,0,0,0,0
499.109314447884,0,0,1,1,0,1,1,1,1,1
499.124592102431,0,0,1,1,0,1,0,1,1,1
499.158544974614,0,0,0,0,0,0,0,0,1,0
499.161055504782,0,0,0,0,0,0,0,0,0,1
499.171507833989,0,0,0,0,1,0,0,0,0,0
500.171036733192,0,0,0,0,0,0,0,0,1,0
500.208830037832,0,0,0,0,0,0,0,0,0,1
500.272581031441,0,1,0,1,0,0,1,1,0,1
501.01483770365,0,0,1,0,0,0,1,0,0,0
501.03106140268,0,0,1,1,0,1,0,0,1,0
501.031373753156,0,0,0,0,0,0,0,0,0,1
501.052200820915,0,0,0,0,0,0,0,0,1,1
501.088606320859,0,0,1,0,0,1,0,0,1,1
501.103888890623,0,0,1,1,0,1,1,1,1,1
501.107147277813,0,0,0,0,0,0,0,0,1,0
501.113231718745,0,0,0,0,0,0,0,1,0,0
501.116905878801,1,0,1,1,1,0,0,1,1,1
501.124999064245,0,0,0,0,0,0,0,0,1,0
501.140256704485,0,0,1,1,1,0,1,1,1,1
501.149733888422,1,0,0,0,0,0,0,1,0,0
501.150757353948,0,1,0,0,1,0,0,0,0,0
501.187202847489,0,0,0,0,1,0,0,0,0,0
501.212945394694,0,0,1,0,0,0,1,0,0,1
501.216418047045,0,0,0,0,0,0,0,0,1,0
501.289083763694,0,0,0,1,0,0,0,0,0,0
502.156989821401,0,0,0,0,0,0,0,0,0,1
502.177614694088,0,0,0,0,0,0,0,0,1,0
502.215386873968,0,1,0,0,0,0,0,0,0,0
502.251749557998,0,1,0,0,0,0,0,0,0,1
503.010373490158,0,0,0,0,0,0,0,0,1,0
503.046717336616,0,0,1,1,0,1,1,1,1,1
503.067808498324,0,0,0,0,0,0,0,0,1,0
503.083074265364,0,0,1,1,1,1,1,1,1,1
503.094508018746,0,0,0,0,0,0,0,0,1,0
503.104148413103,0,0,0,0,0,0,0,0,1,1
503.106810257103,0,0,0,0,0,0,1,0,0,0
503.147859131868,0,0,0,0,1,0,0,0,0,0
503.155855241389,0,0,1,1,1,1,0,1,1,1
503.228671542493,0,0,0,0,0,0,0,0,1,1
504.187811669534,0,0,0,0,0,0,0,0,0,1
505.025963885316,0,0,1,1,1,1,0,0,1,1
505.062326760897,0,0,1,1,0,1,1,1,1,1
505.098755164621,1,0,1,1,1,1,1,1,1,1
505.104032084211,0,0,0,0,0,0,1,0,0,0
505.111817312219,0,0,1,0,1,0,0,0,1,0
505.122536285957,0,1,0,1,0,1,0,1,0,0
505.171599203241,0,0,1,1,1,1,1,1,1,1
505.207993381835,0,0,1,1,0,0,1,1,1,1
505.244304863215,0,0,1,0,0,0,0,0,1,0
505.244658688294,0,0,0,0,0,0,0,0,0,1
506.094038423319,0,0,0,0,0,0,0,0,1,0
506.166720185039,0,0,1,0,0,0,0,0,0,0
506.977007660163,0,0,0,0,0,0,0,0,0,1
507.04157859973,0,0,1,1,0,1,0,1,0,1
507.041855113122,0,0,0,0,0,0,0,0,1,0
507.077975555733,0,0,1,1,0,1,1,1,1,1
507.114407903151,0,0,1,1,0,1,1,1,1,1
507.114722309999,0,0,0,0,1,0,0,0,0,0
507.141827555819,0,0,0,0,0,0,1,0,0,0
507.150820094279,0,0,1,1,1,1,1,1,1,1
507.171606267394,0,0,0,0,0,0,0,0,1,0
507.211837817,0,0,0,0,0,0,0,0,0,1
507.260253091471,0,0,0,0,0,0,0,0,0,1
508.276695438986,1,0,0,0,0,0,0,0,0,0
509.020889719528,0,0,0,0,0,0,0,0,1,0
509.036074451735,0,0,1,0,0,0,0,0,0,0
509.057212796807,0,0,1,1,0,1,1,1,1,1
509.09362381931,1,0,1,1,0,1,1,1,1,1
509.130039003205,0,0,1,1,1,1,1,1,1,1
509.158827819967,0,0,0,0,0,0,0,0,1,0
509.166746802095,0,0,0,0,1,0,0,0,0,0
509.312193959387,0,0,0,0,0,0,0,0,1,0
511.036538803999,0,0,0,0,0,0,0,0,1,1
511.051789088305,0,0,1,1,0,0,0,0,0,1
511.072921729835,0,0,1,1,0,1,0,1,1,1
511.109496775871,0,0,1,1,0,0,0,0,1,1
511.116290785516,0,0,0,0,0,0,0,0,0,1
511.122236877675,0,0,0,0,1,0,0,0,0,0
511.145670376861,0,0,1,1,0,1,1,1,1,1
511.158783052655,0,0,1,0,0,0,0,0,0,0
511.175809617248,0,0,0,0,0,0,0,0,1,0
511.207816853349,0,0,0,0,1,0,0,0,0,0
511.210493576337,0,0,0,1,0,0,1,0,0,0
511.950167932207,0,0,1,0,0,0,0,0,1,1
512.214126108268,0,0,0,0,1,0,0,0,0,0
513.031092746033,0,0,1,1,0,0,0,0,1,0
513.052276635131,0,0,0,0,0,0,0,0,1,1
513.067526701351,0,0,1,0,0,0,0,0,1,1
513.087460110924,0,0,0,0,0,0,1,1,0,0
513.088783441711,0,0,1,1,0,1,0,0,1,0
513.089148632458,0,0,0,0,0,0,0,0,0,1
513.103860001498,0,0,1,0,0,0,0,0,1,1
513.104242798495,0,0,0,0,0,0,0,1,0,0
513.116945543629,0,0,1,1,0,0,0,0,0,1
513.124998295275,0,0,1,1,0,0,0,0,1,1
513.14027760809,0,0,0,0,0,0,0,1,1,1
513.176588613222,0,0,0,0,0,0,0,0,0,1
513.186258771185,0,0,0,0,0,0,1,0,0,0
513.187345655903,0,0,0,0,1,0,0,0,0,0
515.030430713632,0,0,1,0,0,0,0,0,0,0
515.04669611248,0,0,1,1,0,1,1,1,1,1
515.067828669369,0,0,0,0,0,0,0,0,1,1
515.083041057463,0,1,1,1,0,1,1,1,1,1
515.096131027674,0,0,0,0,0,0,0,0,0,1
515.104136367836,0,0,1,0,0,0,0,0,1,0
515.104466017516,0,0,0,0,0,0,0,0,0,1
515.119477078585,0,0,1,1,0,0,1,1,1,1
515.132516202785,0,0,1,1,1,0,0,0,0,1
515.140554489655,0,0,1,0,0,0,0,0,1,1
515.150658339982,0,0,0,0,0,0,0,0,0,1
515.155876543504,0,0,1,0,0,0,0,0,1,1
515.166516130563,0,1,0,0,0,1,1,0,0,0
515.18999878078,0,0,0,0,1,0,0,0,0,0
515.19233211621,0,0,1,0,0,0,0,0,0,1
515.192716825452,0,0,0,0,0,0,0,0,1,0
515.216696346169,0,0,0,0,1,0,0,0,0,0
515.271059000359,0,0,1,0,0,0,0,0,0,0
515.304647578365,0,0,0,1,0,0,0,0,0,0
516.267398115237,0,0,0,0,0,0,0,1,0,1
517.025898068989,0,0,1,0,0,0,0,0,1,0
517.06237978443,0,0,1,1,0,1,1,1,1,1
517.083491983177,0,0,1,0,0,0,0,0,1,1
517.098805264074,0,1,1,1,1,1,1,1,1,1
517.112638542426,0,0,0,0,0,0,0,0,0,1
517.119869067928,0,0,0,0,0,0,0,0,1,0
517.135158131389,0,0,1,1,0,1,0,1,1,1
517.135513712498,0,0,0,0,0,0,1,0,0,0
517.144544733763,0,0,1,0,0,0,0,0,0,0
517.171845573483,0,0,0,0,1,0,0,0,0,0
517.207847673923,0,0,1,1,0,0,0,0,1,1
517.244203341606,0,0,0,0,0,0,0,0,0,1
517.28394891186,0,0,0,1,0,0,0,0,0,0
517.309021144966,0,0,0,0,0,0,0,1,0,1
517.338564335314,0,0,0,0,0,0,0,0,1,0
518.151856575495,0,0,0,0,0,0,0,0,1,1
518.976521376488,0,0,0,0,1,0,0,0,0,0
519.041652782894,0,0,1,1,0,1,1,0,1,1
519.07801170116,0,0,1,1,1,1,0,1,1,1
519.088727298012,0,0,0,0,1,0,0,0,0,0
519.12726300786,0,0,0,1,0,0,0,0,0,0
519.1494089518,0,0,0,0,0,0,0,1,0,0
519.149824876975,0,0,0,0,0,0,1,0,0,0
519.150761703309,0,0,1,1,1,1,0,0,1,1
519.181933865734,0,0,0,1,0,0,0,0,0,0
519.209493383829,0,0,0,0,0,1,0,0,0,0
519.223562589501,0,0,1,1,0,0,0,0,1,1
519.259993714216,0,0,1,0,1,1,0,0,0,0
521.057272470564,0,0,1,1,0,1,1,1,1,1
521.093602165006,0,0,1,1,0,1,1,1,0,1
521.093920303538,0,0,0,0,0,0,0,0,1,0
521.129998918894,1,0,1,1,0,1,1,1,1,1
521.16120644421,0,0,0,0,0,0,0,0,0,1
521.166424144345,0,0,1,1,0,1,0,1,1,1
521.197665246278,0,0,0,1,0,0,0,0,0,0
521.239649816418,0,0,0,0,0,0,0,0,1,0
521.275944549376,0,0,0,0,0,0,0,0,0,1
522.146744062613,0,0,0,0,0,0,0,0,1,0
523.03659380884,0,0,1,1,0,0,0,0,1,0
523.072914985378,0,0,1,1,0,1,0,1,1,1
523.109275597845,0,0,1,1,1,1,1,1,1,1
523.145701405039,0,0,1,1,1,1,1,1,1,1
523.27636897529,0,0,0,0,0,0,0,0,1,0
523.355813055371,1,0,0,0,0,0,0,0,0,0
524.162386194931,0,0,0,0,0,0,0,0,1,0
524.199237162524,0,0,0,0,0,0,0,0,1,0
525.052219194952,0,0,1,1,0,0,0,0,0,1
525.052530707157,0,0,0,0,0,0,0,0,1,0
525.067461069153,0,0,0,0,0,0,0,0,1,1
525.08857213027,0,0,1,0,0,1,0,0,1,1
525.103715223321,0,0,1,0,0,0,0,0,0,0
525.124907264948,0,0,1,1,0,1,0,0,1,1
525.143454084462,0,0,0,0,0,0,0,0,0,1
525.154645612403,0,0,0,0,0,0,0,0,1,0
525.174959500137,0,0,0,0,0,0,0,0,1,0
525.343539354457,0,0,0,0,0,0,1,0,0,0
526.156884296439,0,0,0,0,0,0,0,0,1,0
526.187787384644,0,0,0,0,0,0,0,0,0,1
526.266177827098,0,0,1,0,0,0,0,1,0,1
527.04674680543,0,0,1,0,0,1,0,0,0,1
527.047103543492,0,0,0,0,0,0,0,0,1,0
527.067865586642,0,0,1,0,0,0,0,0,1,1
527.083097137213,0,0,1,0,0,0,0,0,1,1
527.08347135402,0,0,0,0,0,1,0,0,0,0
527.104274338509,0,0,1,0,0,0,0,0,1,0
527.104611599655,0,0,0,0,0,0,0,0,0,1
527.11945406797,0,0,0,0,0,0,0,0,1,0
527.119810515223,0,0,0,1,0,0,0,0,0,0
527.140572895663,0,0,1,1,0,0,1,0,1,1
527.165540988724,0,1,0,0,0,0,0,0,0,0
527.190630696792,0,0,0,0,0,0,0,0,1,0
527.201591357092,0,0,0,0,1,0,0,0,0,0
527.241752461835,0,0,1,0,0,0,0,0,0,0
528.20893731309,0,0,0,0,0,0,0,0,0,1
528.253790898608,0,0,0,0,0,0,0,0,1,0
528.303900121915,0,0,0,0,0,0,0,0,0,1
528.945026382322,0,0,0,0,0,0,0,0,1,1
529.025903778971,0,0,1,0,0,0,0,0,0,0
529.062299832448,0,0,1,0,0,0,0,1,1,1
529.083905578313,0,0,0,0,0,0,0,0,1,1
529.096483543296,0,0,0,0,1,0,0,0,0,0
529.098753879654,0,0,1,0,0,0,0,1,1,1
529.111846891432,0,0,1,0,1,1,0,0,0,0
529.119897752383,0,0,0,0,0,0,0,0,1,1
529.120309393171,0,0,1,0,0,0,0,0,0,0
529.135189881918,0,0,1,0,0,0,0,0,0,1
529.135509984456,0,0,0,0,0,0,0,0,1,0
529.14459494911,0,0,1,0,0,0,0,0,0,0
529.156614865263,0,0,0,0,0,0,0,0,1,1
529.171551998087,0,0,0,0,0,0,0,0,1,0
529.171948658132,0,0,0,0,0,0,0,0,0,1
529.180904097611,0,0,0,0,0,0,0,1,0,0
529.182003197085,0,1,0,0,0,0,0,0,0,0
529.192947356993,0,1,0,0,0,0,0,0,0,0
529.20552066593,0,0,0,0,1,0,0,0,1,0
529.208258515814,0,0,0,0,0,0,0,0,0,1
529.283989381082,0,0,0,1,0,0,0,0,0,0
530.195113514974,0,0,0,0,0,0,0,0,1,0
530.216127484296,0,0,0,0,0,0,1,0,0,0
530.224617463828,0,0,0,0,0,0,0,0,1,0
531.041589439336,0,0,1,1,0,0,0,0,1,1
531.077934867201,0,0,1,1,0,1,1,1,1,0
531.078297651651,0,0,0,0,0,0,0,0,0,1
531.114362930057,0,0,1,0,0,1,1,1,1,1
531.114741992015,0,0,0,1,0,0,0,0,0,0
531.124842098441,0,0,0,0,1,0,0,0,0,0
531.127427236657,0,0,0,0,0,0,0,1,0,0
531.150779359846,0,0,1,1,0,1,0,0,1,1
531.187180262532,0,0,1,0,0,0,1,0,1,1
531.18757700411,0,0,0,0,0,1,0,0,0,0
531.223571399112,0,0,0,0,0,0,0,0,1,1
531.299657362051,0,0,0,1,0,0,0,0,0,0
532.081958092477,0,0,0,0,0,0,0,0,1,0
532.203847149113,0,0,0,0,0,0,0,0,1,0
533.057235915748,0,0,1,0,0,1,1,1,1,1
533.057570900633,0,0,0,1,0,0,0,0,0,0
533.093693346248,0,0,1,1,0,0,1,1,1,1
533.13006477197,0,0,1,1,1,0,0,1,0,1
533.130384497941,0,0,0,0,0,0,0,0,1,0
533.161798547123,0,0,0,0,0,0,1,0,0,0
533.166784417069,0,0,0,0,0,0,0,0,0,1
533.187857719505,0,0,0,0,0,0,0,0,0,1
533.202738019246,0,0,1,1,0,1,0,1,1,1
533.239114382747,0,0,1,0,0,0,0,0,0,1
534.183166336223,0,0,0,0,0,0,0,0,1,0
535.036588326371,0,0,1,0,0,1,0,0,1,1
535.072932531468,0,0,1,1,0,0,0,1,1,1
535.109272280562,0,0,1,1,0,0,0,1,1,1
535.145603810094,0,0,1,1,1,1,0,1,1,1
535.250247442967,1,0,0,0,0,0,0,0,0,0
535.286412113977,0,0,0,0,0,0,0,0,1,0
536.214026046338,0,0,1,0,0,0,0,0,0,0
537.052150571382,0,0,1,1,0,1,0,0,1,1
537.088491135972,0,0,1,1,0,0,0,0,0,1
537.088861487356,0,0,0,0,0,0,0,0,1,0
537.124886960659,0,0,1,1,0,1,1,0,1,1
537.153779097749,0,0,0,0,0,0,0,0,0,1
537.161283803027,0,0,1,1,0,0,1,0,1,1
537.192780648503,0,0,0,1,0,0,0,0,0,0
537.228941086398,0,1,0,0,0,0,0,0,0,0
537.234517831065,0,0,0,0,0,0,0,0,0,1
537.270861673169,0,0,0,0,0,0,0,0,0,1
537.307238697444,0,0,0,0,0,0,0,0,1,0
537.320736577978,0,0,0,0,0,0,0,0,0,1
537.981075176806,0,0,1,0,0,0,0,0,0,0
538.266078191901,0,0,1,0,0,0,0,0,0,0
538.287300401303,0,0,1,0,0,0,0,0,0,0
539.067755817262,0,0,1,0,0,0,0,1,1,1
539.10421112404,0,0,1,0,0,0,0,0,1,1
539.138400676692,0,0,0,0,0,0,0,1,0,0
539.140611074365,0,0,1,1,0,1,0,0,1,1
539.169640909872,0,0,0,0,0,0,0,0,1,0
539.243256222093,0,0,0,0,0,0,0,0,0,1
539.244537979728,1,0,0,0,0,1,0,0,0,0
539.271135937523,0,0,0,0,0,0,0,0,1,0
539.286505728264,0,0,0,0,0,0,0,0,0,1
540.135949064508,0,0,0,0,0,0,0,0,1,0
540.147946645401,0,0,0,0,0,0,0,0,1,0
541.046983311245,0,0,0,0,0,0,0,0,1,0
541.062277429977,0,0,1,0,0,0,0,0,1,0
541.083412417512,0,0,1,0,0,0,0,0,1,0
541.083859736239,0,0,0,0,0,0,0,0,0,1
541.098759477228,0,0,1,0,0,0,1,0,0,0
541.119756751391,0,0,1,0,0,0,0,0,0,0
541.120127874135,0,0,0,0,0,0,0,0,1,1
541.135150382105,0,0,1,0,0,0,0,0,0,0
541.135522249302,0,0,0,0,0,0,0,0,0,1
541.140266635867,0,0,0,0,1,0,0,0,0,0
541.14821771545,0,0,0,0,0,0,0,0,1,1
541.156290989692,0,0,1,1,0,1,1,0,1,1
541.158906425985,0,0,0,0,1,1,0,0,0,0
541.222421782294,0,0,0,0,0,0,0,0,1,0
541.25835526494,0,0,0,0,0,0,0,0,0,1
542.121897425777,0,0,0,0,0,0,0,0,1,0
542.26103777354,1,0,0,0,0,0,0,0,0,0
543.003049958435,1,0,0,0,0,0,0,0,0,0
543.041551698793,0,0,1,0,0,0,0,0,1,0
543.041926391123,0,0,0,0,0,0,1,0,0,0
543.063014907888,0,0,0,0,0,0,0,0,1,0
543.077910877582,0,0,1,0,0,0,0,1,1,1
543.099102877781,0,0,1,0,0,0,0,0,0,0
543.114339506008,0,0,1,0,0,0,0,1,1,1
543.127408175304,0,0,0,0,1,1,0,0,0,0
543.13550696339,0,0,1,1,0,0,0,0,0,0
543.13588444736,0,0,0,0,0,0,0,0,1,0
543.149301570992,0,0,0,0,0,0,0,0,1,0
543.150762856758,0,0,0,0,0,0,0,0,0,1
543.155991889758,0,0,1,0,1,0,0,0,0,0
543.17228843869,0,0,0,0,0,1,0,0,0,0
543.187107844242,0,0,0,0,0,0,0,0,1,0
543.190741832064,0,0,0,0,0,0,0,1,0,0
543.223792485994,0,0,0,0,0,0,0,0,0,1
543.237072963022,0,0,0,0,0,0,0,0,1,0
543.299723056448,0,0,0,1,0,0,0,0,0,0
545.020213952889,0,0,0,0,0,0,0,0,1,0
545.057221515071,0,0,1,0,0,0,0,0,1,1
545.057587838818,0,0,0,0,0,1,0,0,0,0
545.093574600661,0,0,1,0,0,0,0,1,1,1
545.114709820859,0,0,0,0,0,0,0,0,1,0
545.124458210847,0,0,0,0,1,0,0,0,0,0
545.1287860693,1,1,0,1,0,1,1,1,1,1
545.166367836349,0,0,0,0,0,0,0,0,1,0
545.166785877655,0,0,0,0,0,0,0,0,0,1
545.206959121739,0,0,1,0,0,0,0,0,0,0
545.239135660451,0,0,0,0,0,0,0,0,0,1
545.252705171532,0,0,0,0,0,0,0,0,0,1
545.27460835512,0,0,1,0,0,0,0,0,0,0
545.289127938548,0,0,0,0,0,0,0,0,1,0
546.955588213506,0,0,0,0,0,0,0,0,1,1
546.997298851709,1,0,0,0,0,0,0,0,0,0
547.036574595825,0,0,0,0,0,0,0,0,1,0
547.072918355382,0,0,1,1,0,0,1,0,1,1
547.073280181669,0,0,0,0,0,0,0,1,0,0
547.109330096018,0,0,1,1,0,0,1,1,1,0
547.109723967407,0,0,0,0,0,0,0,0,0,1
547.145658517979,0,0,1,0,0,0,1,1,1,1
547.159509618876,0,0,0,0,0,0,0,0,1,0
547.182024723414,0,0,1,0,0,1,0,0,1,0
547.182426104361,0,0,0,0,0,0,0,0,0,1
547.218380960332,0,0,1,0,0,0,0,0,0,1
547.218761486389,0,0,0,0,0,0,0,0,1,0
547.239926490042,1,0,0,0,0,0,0,0,0,0
547.259740109904,0,0,0,0,0,0,0,0,0,1
547.276340370338,0,0,0,0,0,1,0,0,0,1
547.312762312657,0,0,0,0,0,0,0,0,0,1
548.209763470907,0,0,0,0,0,0,0,1,0,0
548.227215596402,0,0,0,0,0,0,0,0,1,1
549.052070022191,0,0,1,0,0,1,0,0,1,1
549.088601964518,0,0,1,0,0,0,0,0,1,1
549.088958390001,0,0,0,0,0,0,0,1,0,0
549.124993058067,0,0,1,1,0,0,0,0,1,1
549.161352075043,0,0,1,1,0,0,0,0,1,1
549.197718145359,0,0,1,0,0,0,0,0,1,1
549.229186388877,0,1,0,0,0,0,0,0,0,0
549.270386589946,0,0,1,1,1,0,1,0,1,1
550.287340928212,0,0,0,0,0,0,0,0,1,0
550.362787502468,0,0,0,0,0,1,0,0,0,0
551.067824899559,0,0,1,0,0,0,0,0,1,1
551.104176596842,0,0,1,1,0,0,0,0,1,1
551.140497274384,0,0,1,0,0,0,0,0,1,1
551.176899158949,0,0,0,1,0,0,0,1,1,1
551.177231320732,0,0,1,0,0,0,0,0,0,0
551.213721027387,0,0,0,0,0,0,0,0,0,1
551.304548184897,0,0,0,1,0,0,0,0,0,0
552.239763087689,0,0,0,0,0,0,0,0,1,0
552.266555476922,0,0,0,0,0,0,0,0,1,1
553.046978980956,0,0,0,0,0,0,0,0,1,1
553.062284838435,0,0,0,0,0,0,0,0,1,0
553.08348168985,0,0,1,1,0,0,0,0,1,1
553.090640500735,0,0,0,0,0,1,0,0,0,0
553.119895288025,0,0,1,0,0,0,0,0,1,0
553.120233479764,0,0,0,0,0,0,0,0,0,1
553.122450008189,0,0,0,0,1,0,0,0,0,0
553.141816324252,1,1,0,1,0,0,0,0,0,0
553.156267146222,0,0,1,1,0,0,0,1,1,0
553.156673144961,0,0,0,0,0,0,0,0,0,1
553.185183210081,0,0,0,0,0,0,0,0,1,0
553.22101783373,0,0,0,0,0,1,0,0,0,1
553.222429993289,0,0,0,0,0,0,0,0,1,0
553.224057095795,0,0,0,0,1,0,0,0,0,0
553.224343331568,1,0,0,0,0,0,0,0,0,0
553.229352792796,0,0,0,1,0,0,0,0,0,0
553.28393833083,0,0,0,0,0,1,0,0,0,0
553.338430810208,0,0,0,0,0,0,0,0,0,1
554.245771979731,0,0,1,0,0,0,0,0,0,0
554.574104391308,1,1,1,1,1,1,1,1,0,1
555.041693201824,0,0,0,0,0,0,0,0,1,0
555.062816436573,0,0,0,0,0,0,0,0,1,0
555.078037085317,0,0,0,0,0,1,0,0,0,0
555.07842926891,0,0,0,0,0,0,0,0,1,0
555.099165292473,0,0,1,0,0,0,0,0,1,1
555.127415017401,0,0,1,0,1,1,0,0,0,0
555.135525969341,0,0,1,0,0,1,0,0,1,1
555.145920954395,0,0,1,0,0,0,0,0,0,0
555.150742932359,0,0,0,0,0,0,0,0,1,0
555.151102346421,0,0,0,0,0,0,0,0,0,1
555.172168171885,0,0,1,1,0,0,0,0,0,0
555.20018946919,0,0,0,0,0,0,0,0,1,1
555.202511339197,0,0,0,0,0,0,1,0,0,0
555.236556867056,0,0,1,0,1,0,0,0,0,1
555.244939590458,1,0,0,0,0,0,0,0,0,0
555.273040456903,0,0,0,1,0,0,0,1,0,0
555.354202932845,0,0,0,0,0,0,0,0,1,0
557.018710767267,0,1,0,0,0,0,0,0,0,0
557.057240413625,0,0,1,1,0,1,0,0,1,0
557.057760183043,0,0,0,0,0,0,0,0,0,1
557.078391081309,0,0,0,0,0,0,0,0,1,0
557.078795470398,0,0,0,0,0,0,0,0,0,1
557.093603268053,0,0,1,0,0,0,0,0,1,0
557.103440605382,1,0,0,0,0,0,0,0,0,0
557.129904739714,0,0,0,0,0,0,0,0,1,0
557.130298075599,0,0,1,0,0,0,0,0,0,0
557.142982457625,0,0,0,0,0,0,0,0,1,0
557.151079586917,0,0,1,0,0,0,0,0,1,1
557.166765269333,0,0,0,0,0,0,0,0,1,1
557.187858495091,0,0,0,0,0,0,0,0,1,0
559.0368194537,0,0,0,0,0,0,0,0,1,0
559.072075875837,0,0,0,0,0,0,0,0,0,1
559.07279705335,0,0,1,0,0,1,0,0,0,0
559.073141861013,0,0,0,0,0,0,0,0,1,0
559.108648247618,0,0,0,0,0,0,0,0,1,0
559.109286935343,0,0,1,1,0,0,0,1,0,1
559.145625230242,0,0,0,1,0,0,0,0,0,1
559.146038244505,0,0,0,0,0,0,0,0,1,0
559.182030391695,0,0,1,0,0,0,0,0,0,1
559.182387290149,0,0,0,0,0,0,0,0,1,0
559.203588761719,0,0,0,0,0,1,0,0,0,0
559.218872894943,0,0,0,0,0,0,0,0,0,1
560.235228996531,0,0,0,0,0,0,0,0,1,0
561.052101033648,0,0,1,0,0,0,0,0,1,1
561.088500812772,0,0,0,1,0,1,0,0,1,1
561.088855265007,0,0,1,0,0,0,0,0,0,0
561.124879368112,0,0,1,1,0,0,0,0,0,1
561.125256805291,0,0,0,0,0,0,0,0,1,0
561.16134550744,0,0,1,1,0,0,0,0,1,1
561.175210950767,0,0,0,0,0,0,0,0,0,1
561.198113123894,0,0,0,0,0,0,0,0,0,1
561.234022756813,0,0,1,0,0,0,0,0,0,0
561.23441404483,0,0,0,1,0,0,0,0,0,1
561.455749813587,0,0,1,1,0,0,1,1,0,0
562.178125371771,0,0,0,0,0,0,0,1,0,0
563.03137353591,0,0,1,0,0,0,0,0,1,0
563.067769944772,0,0,1,1,0,1,1,1,1,1
563.104226089899,0,0,1,0,0,0,0,1,1,1
563.140593599225,0,0,1,0,0,0,0,0,1,0
563.141050967253,0,0,0,0,0,0,0,0,0,1
563.177009598755,0,0,1,0,0,0,1,0,1,1
563.190487735908,0,0,0,0,0,0,0,0,1,0
563.198421858658,0,0,1,0,0,0,0,0,0,0
563.213380737202,0,0,1,1,0,0,0,0,1,1
563.249757035935,0,0,1,0,0,0,1,0,0,1
563.250140297004,0,0,0,0,0,0,0,0,1,0
564.25857895943,0,0,1,0,0,0,0,0,0,1
565.047028507921,0,0,1,0,0,0,0,0,1,0
565.083451964235,0,0,1,0,0,0,0,0,1,1
565.119779890364,0,0,1,0,0,0,0,0,1,1
565.156203136489,0,0,1,0,0,1,0,0,1,0
565.156613955264,0,0,0,0,0,0,0,0,0,1
565.183637431312,0,0,0,0,0,0,0,0,0,1
565.192650609653,0,0,1,1,0,0,0,0,1,1
565.206255463447,1,0,0,0,0,1,0,0,0,0
565.258957863584,0,0,0,0,0,0,0,0,0,1
565.284129158977,0,0,0,1,0,0,0,0,0,0
566.24583956436,0,0,1,0,0,0,0,0,0,0
567.062669499159,0,0,0,0,0,0,0,0,1,1
567.063023004795,0,0,1,0,0,0,0,0,0,0
567.099035069083,0,0,1,1,0,0,0,0,1,1
567.105912615884,0,0,0,0,0,1,0,0,0,0
567.135397032383,0,0,1,0,0,0,0,0,1,1
567.154169881193,0,0,0,0,1,0,0,0,0,0
567.171811167644,0,0,1,0,0,0,0,0,1,1
567.172197916855,0,0,0,0,0,1,0,0,0,0
567.200176224462,0,0,0,0,0,0,0,0,0,1
567.201272630778,0,0,0,0,0,0,0,0,1,0
567.223459842812,0,1,0,0,0,0,0,0,0,0
567.236570949679,0,0,1,0,0,0,0,0,0,0
567.245051038931,0,0,0,0,0,1,0,0,0,0
567.274543772156,0,0,0,0,0,0,0,0,1,0
567.299661643225,0,0,0,1,0,0,0,0,0,0
567.317938920037,0,0,0,0,0,0,0,0,1,0
567.435365147084,0,0,0,0,0,0,0,0,1,0
568.204040968015,0,0,1,0,0,0,0,0,0,0
568.240229900947,0,0,0,0,0,0,0,0,0,1
569.057335213629,0,0,1,0,0,0,0,0,0,0
569.07846230702,0,0,1,0,0,0,0,0,1,0
569.078889456418,0,0,0,0,0,0,0,0,0,1
569.093642390207,0,0,1,0,0,0,0,0,0,0
569.114776830808,0,0,0,0,0,0,0,0,1,1
569.143022934166,0,0,0,0,0,0,0,0,0,1
569.151143735161,0,0,0,0,0,0,0,0,1,1
569.217070048648,0,0,0,0,0,0,0,0,1,1
569.218127977902,0,0,0,0,1,0,0,0,0,0
569.369902188117,0,0,0,0,0,0,0,0,0,1
570.219520319525,0,0,0,0,0,0,0,1,0,0
570.25591247252,0,0,0,0,0,0,0,0,1,0
571.036822623438,0,0,0,1,0,0,0,0,0,0
571.058039532668,0,0,0,0,0,0,0,0,1,0
571.072839690259,0,0,0,0,0,0,0,0,1,0
571.07321604997,0,0,1,0,0,1,0,0,0,1
571.094039894944,0,0,1,0,0,0,0,0,0,0
571.094541833188,0,0,0,0,0,0,0,0,1,1
571.108719647588,0,0,0,0,0,0,0,0,1,0
571.130449281136,0,0,0,0,0,0,0,0,1,0
571.14353207453,0,0,0,0,1,0,0,0,0,0
571.145748004149,0,0,1,0,0,0,0,1,0,1
571.16686091731,0,0,0,0,0,0,0,0,0,1
571.182609752604,0,0,0,0,0,0,0,0,1,0
571.194416006349,0,0,0,0,0,0,0,0,1,0
571.195588498862,0,0,1,0,0,0,0,0,0,1
571.232312628274,0,0,0,0,0,0,0,0,1,0
571.294653103258,0,0,0,1,0,0,0,0,0,0
571.312649061572,0,0,0,0,0,0,0,0,0,1
571.349105985834,0,0,0,0,0,1,0,0,0,0
572.110992026761,0,0,0,0,1,0,1,0,0,0
572.910082658102,0,0,1,0,0,0,0,0,0,0
573.052195846218,0,0,1,0,0,1,0,0,0,1
573.052586667247,0,0,0,0,0,0,0,0,1,0
573.088456446702,0,0,1,0,0,0,0,1,0,1
573.088893095713,0,0,0,0,0,0,0,0,1,0
573.124769040663,0,0,1,0,0,0,1,1,1,1
573.137225986053,0,0,0,0,0,0,0,0,1,0
573.137870474205,0,0,0,0,1,0,0,0,0,0
573.161201074572,0,0,1,0,0,0,0,0,0,1
573.17422951105,0,0,1,1,1,0,0,0,1,1
573.182756682459,0,0,0,0,0,0,0,0,0,1
573.197595336249,0,0,0,0,0,0,0,0,0,1
573.197988680371,0,0,0,0,0,0,0,0,1,0
573.210217793701,0,0,0,0,0,0,0,0,1,0
573.219150750388,0,0,0,0,0,0,0,0,1,0
573.23745735062,0,0,0,0,0,1,0,0,0,0
573.25565721592,1,0,0,0,0,0,0,0,0,0
573.320778021965,0,0,0,0,0,0,0,0,1,0
574.567887938338,1,1,1,1,1,1,1,1,0,0
574.90791649362,0,0,0,0,0,0,0,0,1,0
575.031406729853,0,0,0,0,0,0,0,0,1,0
575.046528259016,0,0,0,0,0,0,0,1,0,0
575.067807720103,0,0,1,0,0,1,0,0,1,1
575.104190203675,0,0,1,1,0,1,0,1,1,1
575.140688670541,0,0,1,0,0,1,0,0,0,0
575.141073818212,0,0,0,0,0,0,0,0,1,1
575.15560597355,0,0,0,0,0,0,0,0,1,0
575.177037786709,0,0,1,0,0,0,0,1,1,0
575.177479253879,0,0,0,0,0,0,0,0,0,1
575.198508148286,0,0,0,0,1,0,0,0,0,0
575.234915025241,0,0,0,0,0,0,0,0,1,1
575.248972894639,0,0,0,0,0,0,0,0,1,0
575.307593607921,1,0,0,0,0,0,0,0,0,0
575.343869800699,0,0,1,0,0,0,0,0,0,0
575.435062512094,0,0,1,0,0,0,0,1,0,0
576.193749351026,0,0,0,0,0,0,0,0,1,0
576.222181562421,0,0,1,0,0,0,0,0,1,1
576.258592628089,0,0,0,0,0,0,0,0,0,1
577.047135670195,0,0,0,0,0,0,0,0,1,0
577.047681486998,0,0,0,0,0,0,0,0,0,1
577.083450652242,0,0,1,1,1,0,0,1,0,0
577.083879154139,0,0,0,0,0,0,0,0,1,1
577.118836159785,0,0,0,0,0,0,0,0,1,0
577.11978863179,0,0,1,1,0,0,0,0,0,1
577.156181344833,0,0,1,1,0,0,0,0,0,1
577.192442685704,0,0,1,0,0,0,0,0,1,1
577.223351317286,0,0,0,0,1,0,0,1,0,0
577.228842181521,0,0,1,0,0,0,0,0,1,1
577.265260588823,0,0,0,0,0,0,0,0,1,0
577.265656405017,0,0,1,0,0,0,0,0,0,0
577.315337587909,0,0,0,0,0,0,0,0,0,1
577.351699495641,0,0,0,0,1,0,0,0,1,1
578.245759048741,0,0,0,0,0,1,0,0,0,0
579.027687946204,1,0,0,0,0,0,0,0,0,0
579.062665420803,0,0,1,0,0,0,0,0,0,0
579.063071068007,0,0,0,0,0,0,0,0,1,0
579.099008019376,0,0,1,0,0,0,0,0,1,1
579.135426017161,0,0,1,0,0,0,0,0,0,1
579.135844216707,0,0,0,0,0,0,0,0,1,0
579.171855053951,0,0,1,0,0,0,0,0,0,1
579.172234627329,0,0,0,0,0,0,0,0,1,0
579.185434772581,0,0,0,0,0,0,0,0,0,1
579.208271130283,0,0,1,1,0,0,0,0,1,1
579.221862058624,0,0,0,0,0,0,0,0,1,0
579.236660617688,0,0,0,0,0,1,0,0,0,0
579.237801016077,0,0,0,0,0,0,0,0,1,0
579.281425543483,0,0,1,0,0,0,0,0,0,1
580.559465554742,0,0,1,0,0,0,0,0,0,0
581.078413358105,0,0,1,0,0,0,0,0,1,1
581.114829532437,0,0,1,0,0,0,0,0,0,0
581.115278538972,0,0,0,0,0,0,0,0,1,1
581.151157465227,0,0,1,0,0,0,0,0,1,0
581.151580972711,0,0,0,0,0,0,0,0,0,1
581.215808690421,0,0,1,0,0,0,0,0,0,0
581.216885308237,0,0,0,0,0,0,0,0,0,1
581.259346052604,0,0,0,0,0,0,0,0,1,0
581.297017186753,0,0,0,0,0,0,0,0,1,0
582.13903604427,0,0,0,1,0,0,0,0,0,0
582.219629852346,0,0,0,0,0,0,0,0,0,1
583.072906221626,0,0,1,0,0,0,0,0,1,0
583.094139859852,0,0,1,0,0,0,0,0,1,0
583.109376729667,0,0,0,0,0,0,0,0,1,0
583.130449298251,0,0,1,0,0,0,0,0,0,0
583.130906459716,0,0,0,0,0,0,0,0,1,1
583.145019222308,0,0,0,0,0,0,0,0,1,0
583.166184513068,0,0,0,0,0,0,0,0,0,1
583.166819083723,0,0,1,0,0,0,0,0,1,0
583.19490725226,0,0,0,0,0,0,0,0,0,1
583.1958241515,0,0,0,0,0,0,1,0,0,0
583.203509702599,0,0,1,0,0,0,0,0,0,0
583.227834038384,0,0,0,0,0,0,0,0,1,0
583.230917940029,0,0,1,0,0,0,0,0,0,0
583.268731274942,0,0,1,0,0,0,0,0,0,0
583.385439925125,0,0,0,0,0,0,1,0,0,0
584.212027984113,0,1,0,0,0,0,0,0,0,1
584.27164705555,0,0,1,0,0,0,0,0,0,0
584.982765065851,0,1,0,0,0,0,0,0,0,0
585.052143643078,0,0,0,0,0,0,0,0,1,0
585.087818045189,0,0,0,0,0,0,0,0,1,0
585.08860240615,0,0,0,0,0,0,0,0,0,1
585.109651709498,0,0,0,0,0,0,0,0,1,0
585.158995222544,0,0,0,0,0,0,0,0,1,0
585.182780924424,0,0,0,0,0,0,0,0,1,0
585.219109598544,0,1,0,0,0,0,0,0,0,1
585.231803014924,0,0,0,0,0,0,0,0,1,0
585.255548611965,1,0,0,0,0,0,0,0,0,0
585.268882599645,0,0,0,0,0,0,0,0,1,0
586.287321858217,0,0,0,0,0,0,0,0,0,1
587.068431217602,0,0,0,0,0,0,0,0,1,0
587.088773958458,0,0,0,1,0,0,0,0,0,0
587.123682840432,0,0,0,0,0,0,1,0,0,0
587.189458949279,0,0,0,0,0,1,0,0,0,0
587.190040982936,0,0,0,0,1,0,0,0,0,0
587.224858928619,0,0,0,0,0,0,0,0,1,0
587.235236063169,0,0,1,0,0,0,0,0,0,0
587.269980718556,0,0,0,0,0,0,0,0,1,1
587.299982180249,0,0,1,0,0,0,0,0,0,0
587.306279402341,0,0,0,0,0,0,0,0,1,0
587.307647939832,0,0,1,0,0,0,0,0,0,0
588.230253218315,0,0,0,0,0,0,0,0,0,1
588.302897316541,0,0,0,0,0,0,0,0,1,0
589.083498484404,0,0,1,0,0,0,1,0,1,1
589.11979013248,0,0,1,0,0,0,0,0,1,1
589.156174413175,0,0,0,0,0,0,0,0,1,0
589.156605273911,0,0,1,0,0,0,0,0,0,1
589.192519555546,0,0,0,0,0,0,0,0,0,1
589.205996657435,0,1,0,0,0,0,0,0,0,0
589.229009336176,0,0,0,0,0,0,0,0,1,0
589.250516033122,0,0,0,0,0,0,0,0,1,0
589.258206581353,0,0,0,1,0,0,0,0,0,0
589.286925176709,0,0,0,0,0,0,0,0,1,0
589.315310929802,0,0,1,0,0,0,0,0,0,1
590.237830711178,0,0,1,0,0,0,0,0,0,0
591.062755193273,0,0,1,0,0,0,0,0,1,1
591.099146414748,0,0,1,0,0,0,0,0,1,1
591.135598859864,0,0,1,0,0,0,0,0,0,0
591.136042916008,0,0,0,0,0,0,0,0,1,1
591.171826553753,0,0,0,0,0,0,0,0,1,1
591.208099970852,0,0,0,1,0,0,0,0,1,1
591.212553174673,0,0,0,0,0,0,0,0,1,0
591.237802531194,0,0,0,0,0,0,0,0,1,0
591.244574758557,0,0,0,0,0,0,0,0,0,1
591.280524068828,0,0,0,0,0,0,1,0,0,0
592.217070785152,0,0,0,0,0,0,0,0,1,0
592.225099046422,0,0,0,0,0,1,0,0,0,0
592.26152076015,0,0,0,0,0,0,0,1,1,0
592.297889760736,0,0,0,0,0,0,0,0,1,0
593.042075424795,0,0,0,0,0,0,0,0,1,0
593.078451603643,0,0,1,0,0,0,0,0,1,1
593.114833331098,0,0,1,0,0,1,0,0,1,1
593.151157245447,0,0,1,0,0,0,0,0,0,0
593.151587185903,0,0,0,0,0,0,0,0,1,1
593.187462087552,0,0,0,0,0,0,0,0,1,1
593.215951350552,0,0,1,0,0,0,0,0,0,0
593.22380775273,0,0,1,0,0,0,0,0,1,1
594.277127306583,0,0,0,0,0,0,0,0,0,1
595.058082824076,0,0,0,0,0,0,0,0,1,0
595.094039082214,0,0,1,0,0,0,0,0,1,1
595.130402063703,0,0,1,0,0,0,1,0,1,1
595.16681771033,0,0,0,0,0,0,0,0,0,1
595.167242374082,0,0,1,0,0,0,0,0,1,0
595.203044374886,0,0,0,0,0,0,0,0,0,1
595.203835467834,0,0,0,0,0,0,0,0,1,0
595.231574059494,0,0,1,0,0,0,0,0,0,0
595.311553135641,0,0,0,0,0,0,0,0,1,0
595.349058543306,0,0,0,0,0,0,0,0,0,1
596.320466169818,0,0,0,0,0,0,1,0,0,0
596.94796408858,0,0,1,0,0,0,0,0,0,0
597.051999508653,0,0,0,0,0,1,0,0,0,0
597.073227854212,0,0,0,0,0,0,0,0,1,0
597.109538989137,0,0,1,0,0,0,0,0,1,0
597.145961671856,0,0,0,0,0,0,0,0,1,0
597.18234973318,0,0,1,0,0,0,0,0,1,0
597.182797017482,0,0,0,0,0,0,0,0,0,1
597.210409689073,0,0,0,0,0,0,0,0,0,1
597.219241125102,0,0,0,0,0,0,0,0,0,1
597.24778349204,0,0,1,0,0,0,0,0,0,0
597.255645765404,0,0,0,0,0,0,0,0,0,1
597.292084299911,0,0,0,0,0,0,0,0,0,1
597.365187884773,0,0,0,0,0,0,0,0,0,1
599.078193530827,1,0,0,0,0,0,0,0,0,0
599.089048148709,0,0,0,0,0,0,0,0,0,1
599.104230163871,0,0,1,0,0,0,0,0,0,0
599.117363344451,0,0,0,0,1,0,0,0,0,0
599.153700613606,0,0,0,0,0,0,0,0,0,1
599.161613442054,0,0,0,0,0,0,0,0,1,0
599.22591237856,0,0,1,0,0,0,0,0,0,0
599.234810354447,0,0,0,0,0,1,0,0,0,0
599.271149031749,0,1,0,0,0,0,0,0,0,0
599.380420870373,0,0,0,0,0,1,0,0,0,0
600.243256519351,0,1,0,0,0,0,0,0,0,0
601.04625629995,0,0,0,0,0,0,0,0,1,0
601.082993871168,0,0,0,0,0,0,0,0,1,1
601.083526475072,0,0,1,0,0,0,0,0,0,0
601.114454821711,0,0,0,0,1,0,0,0,0,0
601.156289923065,0,0,0,0,0,0,0,0,0,1
601.214244437684,0,0,0,0,1,0,0,0,0,0
601.222047659221,0,0,0,1,0,0,0,0,0,0
601.229067104686,0,0,1,0,0,0,0,0,0,0
601.278963323744,0,0,0,1,0,0,0,0,0,0
601.323235773857,0,0,0,0,0,0,0,1,0,0
601.359630333926,0,0,0,0,1,0,0,0,0,0
601.360088968381,0,0,0,0,0,0,0,0,1,0
602.939848741132,0,0,0,0,0,0,0,0,0,1
602.940219589005,0,0,0,0,0,0,0,0,1,0
603.06314436143,0,0,1,0,0,0,0,0,1,0
603.098597134687,0,0,0,0,0,0,0,0,0,1
603.099197615498,0,0,1,0,0,0,0,0,0,0
603.148596581971,0,0,0,0,1,0,0,0,0,0
603.208099194933,0,0,0,0,0,0,0,0,0,1
603.229745696806,0,0,0,0,0,0,0,0,1,0
603.302627230734,0,0,0,0,0,0,0,0,1,0
603.338985245878,0,0,0,0,0,0,0,0,1,0
604.290307017791,0,0,0,0,0,0,1,0,0,0
605.078376994186,0,0,0,0,0,1,0,0,0,0
605.114712474805,0,0,0,0,0,0,0,0,1,1
605.187616190969,0,0,0,0,0,0,0,0,1,0
605.223939144052,0,0,0,0,0,0,0,0,0,1
605.273831376102,0,0,0,0,0,0,0,0,1,0
605.310264442338,0,0,0,0,0,0,0,0,0,1
607.094027855404,0,0,0,0,0,0,0,0,0,1
607.094507143615,0,0,0,0,0,0,0,0,1,0
607.167158351985,0,0,0,0,0,0,0,0,1,0
607.20314364898,0,0,0,0,0,0,0,0,0,1
607.312855876847,0,1,0,0,0,0,0,0,0,0
609.073219357247,0,0,0,0,0,0,0,0,1,0
609.109641290635,0,0,0,0,0,0,0,0,1,0
609.182295672004,0,0,0,0,0,0,0,0,0,1
609.210588524363,0,0,0,0,0,0,0,0,0,1
609.305125210008,0,0,0,0,0,0,0,0,1,0
610.22763726563,0,0,0,0,0,0,0,0,0,1
611.124848117014,0,0,0,0,0,0,0,0,1,0
611.159551659532,1,1,1,1,1,1,1,1,0,1
611.198156907607,0,0,0,0,0,0,0,0,0,1
611.344065387614,0,0,0,0,0,0,0,0,1,0
611.34439541002,0,0,0,0,0,0,0,0,0,1
612.206975286327,0,0,0,0,0,0,1,0,0,0
612.243257268137,0,0,0,0,0,0,0,0,0,1
613.120276648839,0,0,0,0,0,0,0,0,0,1
613.241941644001,0,0,1,0,0,0,0,0,0,0
613.250579267058,0,0,0,0,0,1,0,0,0,0
613.322048964164,0,0,0,0,0,0,0,0,1,0
613.359662194938,0,0,0,0,0,0,1,1,0,1
614.282073975393,0,0,0,0,0,0,0,0,1,0
614.529860028488,1,1,1,1,1,1,1,1,0,0
615.135331595161,0,0,0,0,0,0,0,0,0,1
615.220919933328,0,0,1,0,0,0,0,0,0,0
615.375295231663,0,0,0,0,0,0,0,0,1,0
616.261398969731,0,0,0,0,0,0,0,0,1,0
616.267975063236,0,0,0,0,0,0,0,0,1,0
616.297728952027,0,0,0,0,0,1,0,0,0,0
616.526953466632,1,1,0,1,1,1,1,1,0,0
616.95471737913,0,0,0,0,0,0,0,0,0,1
616.955488556668,0,0,0,0,0,0,0,0,1,0
617.078822436517,0,0,0,0,0,0,0,0,1,0
617.114721717491,0,0,0,0,0,0,1,0,1,0
617.150931969219,0,0,0,0,0,0,0,0,1,0
617.187401245446,0,0,1,0,0,0,0,0,0,0
617.187998641471,0,0,0,0,0,0,0,0,0,1
617.200383768268,0,0,1,0,0,0,0,0,0,0
617.224594432789,0,0,0,0,0,0,0,0,0,1
617.237297242435,0,0,0,0,0,0,0,0,0,1
617.272415246554,0,0,0,0,0,0,0,0,1,0
617.281807449726,0,0,0,0,0,0,0,1,1,0
617.300084873123,0,0,1,0,0,0,0,0,0,0
617.318159385959,0,0,0,0,0,0,0,1,0,0
617.345299907346,0,0,0,0,1,0,0,0,1,0
617.354632665464,0,0,0,0,0,0,0,1,0,0
618.313380637843,0,0,0,0,0,0,0,0,1,0
618.349869854795,0,0,0,0,0,0,0,1,0,0
618.549762076099,1,1,1,1,1,1,1,1,0,1
619.093983820028,0,0,1,0,0,0,0,0,1,1
619.13103373729,0,0,0,0,0,0,0,0,1,0
619.215175566409,0,0,0,0,0,0,0,0,1,0
619.261439799917,0,0,1,0,0,0,0,0,0,0
619.289520062564,0,0,0,0,0,0,0,0,1,0
619.401060147736,0,0,1,0,0,0,0,0,0,0
620.256291144724,1,0,0,0,0,0,0,0,0,0
621.109677500386,0,0,1,0,0,0,0,0,0,0
621.110256712938,0,0,0,0,0,0,0,0,1,0
621.146438359956,0,0,0,0,0,0,0,0,1,0
621.182864189608,0,0,0,0,0,0,0,0,1,0
621.218519803179,0,0,0,0,0,0,0,0,0,1
621.219547982942,0,0,0,0,0,0,0,0,1,0
622.544285226762,0,0,1,0,0,0,0,0,0,0
623.089455426619,0,0,1,0,0,0,0,0,1,0
623.089912976258,0,0,0,0,0,0,0,0,0,1
623.271430718757,0,0,0,0,0,0,0,0,1,0
623.306162144061,0,0,0,0,0,0,0,0,1,0
623.31941745923,0,0,0,0,0,0,0,0,0,1
623.968248136723,0,0,0,0,0,0,0,0,0,1
624.178748394879,0,0,0,0,0,0,1,1,0,0
625.047256678363,0,0,0,0,0,0,0,0,1,0
625.176651437122,0,0,0,0,0,0,0,0,1,0
625.285132490009,0,0,0,0,0,0,0,0,1,0
626.259303662518,0,0,0,0,1,0,0,0,0,0
627.229839855633,0,0,0,0,0,0,0,0,1,0
627.302632677684,0,0,0,0,0,0,0,0,0,1
627.338952763136,0,0,0,0,0,0,0,0,1,0
627.375268931953,0,0,0,0,0,0,0,0,1,0
629.114457684093,0,0,0,0,0,0,0,0,1,0
629.20845875135,0,0,0,0,0,0,0,0,1,0
629.223816292618,0,0,0,0,0,0,0,0,0,1
629.318355683434,0,0,0,0,0,0,0,0,1,0
629.354804553918,0,0,0,0,0,0,0,0,0,1
630.503707792308,1,1,0,0,0,1,1,1,0,0
631.094774613291,0,0,0,0,0,0,0,0,0,1
631.130719650215,0,0,0,0,0,0,0,0,1,0
631.296008072182,0,0,0,0,0,0,0,0,1,0
632.292674712623,0,0,0,0,0,0,0,1,1,0
632.329052386687,0,0,0,0,0,0,0,0,1,1
632.500772065708,1,0,0,0,0,0,0,0,0,0
633.073421707592,0,0,0,0,0,0,0,0,1,0
633.110563514581,0,0,1,0,0,0,0,0,0,0
633.146562831351,0,0,0,0,0,0,0,0,0,1
633.182408863546,0,0,0,0,0,0,0,0,1,0
633.268730130957,0,0,1,0,0,0,0,0,1,0
633.305100733171,0,0,0,0,0,0,0,0,1,0
634.22763432845,0,0,1,0,0,0,0,0,0,0
634.264027863027,0,0,0,0,1,0,0,0,0,1
634.410037619079,0,0,0,0,0,0,0,0,0,1
634.863322812001,0,0,0,0,0,0,0,0,1,1
635.284484503925,0,0,0,0,0,0,0,0,1,0
635.320857089151,0,0,1,0,0,0,0,0,0,0
636.279601434683,0,0,0,0,0,0,0,0,1,0
636.520632947257,0,0,0,0,1,0,0,0,0,0
636.521003668047,0,0,0,0,0,0,1,0,0,0
637.213226533155,0,0,0,0,0,0,0,0,0,1
637.264024265357,0,0,0,0,0,0,0,0,1,0
638.257644006413,0,0,0,0,0,0,0,0,0,1
639.230128855982,0,0,0,0,0,0,0,0,1,0
639.303389616996,0,0,0,0,0,0,0,0,1,0
639.339014682196,0,0,0,0,0,0,0,0,1,0
639.375428786622,0,0,1,0,0,0,0,0,0,0
641.084876402215,1,0,0,0,0,0,0,0,0,0
641.3181063297,0,1,0,0,0,0,0,0,0,0
641.353290412372,0,1,0,0,0,0,0,0,1,0
641.390939344526,0,0,1,0,0,0,0,0,0,1
642.216267294493,0,0,0,0,0,0,0,0,0,1
643.203057681301,0,0,0,0,0,0,0,0,1,0
643.370388869547,0,0,0,0,0,0,0,0,0,1
645.130825791557,0,0,0,0,0,0,0,0,0,1
645.259095838845,0,1,0,0,0,0,0,0,0,0
645.267431473889,0,0,0,0,0,0,0,0,1,0
645.276674534758,0,0,0,0,0,0,1,0,0,0
645.294967243673,0,0,0,0,0,0,0,0,0,1
647.127234370101,0,0,0,1,0,1,1,1,0,0
647.247914424944,0,0,1,0,0,0,0,0,1,0
647.28313862582,0,0,0,0,0,0,0,0,0,1
647.284364330881,0,0,0,0,0,0,0,0,1,0
647.319270869363,0,0,0,0,0,0,0,0,0,1
647.357473001877,0,0,0,0,0,0,0,0,0,1
648.324013527698,0,0,0,0,1,0,0,0,1,1
649.300576661413,0,0,0,0,0,0,0,0,1,0
649.336511340386,0,0,0,0,0,0,0,0,0,1
650.887414403516,0,0,0,0,0,0,0,0,0,1
651.265081402104,0,0,0,0,0,0,0,0,0,1
651.278033864972,0,0,0,0,0,0,0,0,1,0
651.339296355003,0,0,0,0,0,0,0,0,0,1
653.172267480839,0,0,0,0,0,0,0,0,1,0
653.28011123972,0,0,0,0,0,0,0,0,1,0
654.290372822515,0,0,0,0,0,1,1,0,0,0
655.039443914222,0,0,0,1,0,0,0,0,0,0
655.333800565109,0,0,0,1,0,0,0,0,1,0
656.292743575974,0,0,1,0,0,0,0,0,0,0
657.036032365324,0,0,0,0,1,0,0,0,0,0
657.311738373067,0,0,0,0,0,0,0,0,1,0
657.313098048417,0,0,0,1,1,0,0,0,0,0
658.321530938808,0,0,0,0,0,0,0,0,0,1
659.292815699908,0,0,0,0,0,0,0,0,1,0
659.320729421224,0,0,1,0,0,0,0,0,0,0
659.365660330898,0,0,0,0,0,0,0,0,0,1
660.390345872058,0,1,0,0,0,0,0,0,0,0
661.177320144846,0,0,0,0,0,0,0,0,1,0
661.300048173441,0,0,0,0,0,0,0,0,1,1
661.336379911107,0,0,0,0,0,0,0,1,0,1
662.905463983318,0,0,0,0,0,0,0,0,1,0
663.192780459182,0,0,0,0,0,0,0,0,0,1
663.279320335903,0,0,0,0,0,0,0,0,0,1
663.315665578082,0,0,0,0,1,0,0,0,0,0
663.350423014703,0,0,0,0,0,0,0,0,1,0
664.275132993305,0,0,0,0,0,0,0,0,0,1
664.311341163453,0,0,0,0,0,0,0,0,1,0
664.903523083187,0,0,0,0,0,0,0,0,1,0
666.253855987162,0,0,0,0,0,0,0,1,0,0
666.325125046314,0,0,0,0,0,0,0,0,1,0
666.888812646591,0,0,0,0,0,0,0,0,0,1
667.258692017575,0,0,0,0,0,0,0,0,1,0
667.260772493199,0,0,0,0,1,0,0,0,0,0
667.334193612076,0,0,0,0,0,0,0,0,0,1
668.29276062773,0,0,0,0,0,0,0,0,0,1
669.238208911096,0,0,0,0,0,0,0,0,1,0
669.277073410017,0,0,0,0,0,1,0,0,0,1
669.297437244032,0,0,0,0,0,0,0,0,0,1
669.340748707386,0,0,0,0,1,0,0,0,0,0
669.349548641861,0,0,0,0,0,0,0,0,1,0
669.385825451081,0,0,0,0,0,0,0,0,0,1
669.423216837288,0,0,0,0,0,0,0,0,1,0
671.25651341841,0,0,0,0,0,0,0,0,1,0
671.292931058945,0,0,0,0,0,0,0,0,1,0
671.327508675034,0,0,0,0,0,0,0,0,1,1
671.328785244283,0,0,0,0,1,0,0,0,0,0
671.356372960601,0,0,0,0,0,0,1,0,0,0
671.401445619978,0,0,0,0,1,0,0,0,0,0
672.324036247699,0,0,0,0,0,0,0,0,0,1
673.016668461755,0,0,0,0,0,0,1,0,0,0
673.104577601924,0,0,0,0,0,0,0,0,1,0
673.265222394237,0,0,0,0,0,0,0,0,0,1
673.308173563182,0,0,0,0,0,0,0,0,1,0
673.344561388904,0,0,0,0,0,1,0,0,0,0
674.267252605321,0,0,0,0,0,0,0,0,1,0
674.48542435689,1,1,0,0,1,0,1,1,0,0
674.511191710408,0,0,0,0,0,0,1,0,0,0
674.511585384625,0,0,0,0,1,0,0,0,0,0
675.279550400209,0,0,0,0,0,0,0,0,0,1
675.315718027848,0,0,0,0,0,0,0,0,1,0
675.352121289693,0,0,0,0,0,0,1,0,0,1
676.48244444775,0,0,0,0,0,0,1,0,0,0
676.922278161188,0,0,1,0,0,0,0,0,1,1
677.136270683518,0,0,0,0,0,0,0,0,1,0
678.253092052345,0,0,1,0,0,0,0,0,0,0
679.311133490185,0,0,0,0,0,0,0,1,0,0
680.413676592406,0,1,0,0,0,0,0,0,0,0
680.502403632752,1,1,0,1,1,1,1,0,0,0
681.288333213219,0,0,0,0,1,0,0,0,0,0
681.350035922197,0,0,0,0,0,0,0,0,1,0
682.499319691484,0,0,0,0,1,0,1,0,0,0
683.328729211399,0,0,0,0,0,0,0,0,0,1
685.342912597478,0,0,0,0,0,0,0,0,0,1
685.345125546244,0,0,0,0,0,0,0,0,1,0
685.372227879684,0,0,0,0,1,0,0,0,0,0
687.315444192824,0,0,1,0,0,0,0,0,0,0
687.322016801456,0,0,0,0,0,0,0,0,0,1
687.352360550155,0,0,1,0,0,0,0,0,0,0
687.35993555352,0,0,1,0,0,0,0,0,0,0
688.28251852902,0,0,0,1,0,0,0,0,1,0
689.135920592743,0,0,0,0,0,0,0,0,1,0
689.237768275752,0,0,1,1,0,0,0,0,0,0
689.29508996802,0,0,0,0,0,0,0,0,0,1
689.329880805924,0,0,0,0,0,0,0,0,0,1
689.331479070476,0,0,0,0,0,0,0,0,1,0
692.268299945344,0,0,0,0,0,0,1,0,0,0
693.326930748047,0,0,0,0,0,0,0,0,0,1
693.361479241844,0,0,0,0,0,0,0,0,1,0
693.362834985666,0,1,0,0,0,0,0,0,0,0
695.262769275012,1,1,1,1,1,0,1,1,0,1
695.30545940681,0,0,0,0,0,0,0,0,0,1
695.314537666197,0,0,0,0,0,0,0,0,1,0
696.009946210076,0,0,0,0,0,0,0,0,0,1
696.287169436048,0,1,0,0,0,0,0,0,0,0
698.339429738251,0,0,1,0,0,0,0,0,0,0
701.266807090961,0,0,0,0,0,0,1,0,0,1
704.35116251259,0,0,0,0,0,0,0,0,1,0
705.325015393995,0,0,0,0,0,0,0,0,1,0
705.352778300402,0,0,1,0,0,0,0,0,0,0
708.34345648839,0,0,0,0,0,0,0,0,0,1
711.358517054282,0,0,0,0,0,0,0,0,0,1
712.515144582346,0,0,0,1,0,0,0,0,0,0
714.334782610318,0,0,1,0,0,0,0,0,0,0
717.36356099768,0,0,0,0,0,0,0,0,0,1
721.357852330316,0,0,0,0,0,0,0,0,1,0
723.395973487177,0,0,0,0,0,0,0,0,1,0
725.645419154189,0,0,0,0,1,0,0,0,0,0
726.531384875591,0,0,0,0,1,0,0,0,0,0
729.332106635908,0,0,0,0,0,0,0,0,1,0
729.332976316474,0,0,0,0,0,0,0,0,0,1
730.596649250061,0,0,0,1,0,0,0,0,0,0
731.348020368098,0,0,0,0,0,0,0,0,1,0
734.163100853594,0,0,0,0,0,0,0,0,1,0
743.386625711726,0,0,0,0,0,0,0,1,0,0
755.350449767709,0,0,0,0,0,0,0,0,0,1
757.366607546191,0,0,1,0,0,0,0,0,0,0
757.437603682032,0,0,0,0,1,0,0,0,0,0
759.497718264488,0,0,0,0,1,0,0,0,0,0
773.212431127993,1,1,0,0,1,0,0,1,0,0
789.46702399192,0,0,0,0,0,0,1,0,0,0
790.428494452914,0,1,0,0,1,0,1,1,0,0
791.46391105287,1,0,0,0,0,0,0,0,0,0
792.425576835256,1,1,1,1,1,1,1,1,0,0
792.426971236491,0,0,0,0,0,0,0,0,0,1
793.167685122286,0,0,0,0,0,1,0,0,0,0
800.413855391086,0,0,0,0,0,0,1,0,0,0
806.402731717251,0,0,0,0,0,0,1,0,0,0
807.18209205402,0,0,0,0,0,0,0,0,0,1
807.183806986709,0,0,0,0,0,1,0,0,1,0
808.386511707737,0,0,0,0,0,0,0,0,0,1
808.399307461279,0,1,0,0,0,0,1,0,0,0
808.652974513248,0,0,0,0,0,0,0,0,0,1
813.427446071673,0,0,1,0,0,0,0,0,0,0
823.512319614678,0,0,0,0,0,1,0,0,0,0
824.543415451536,0,0,1,0,0,0,0,0,0,0
825.441476743376,0,0,0,0,1,0,0,0,0,0
846.12783095616,0,0,0,0,0,0,0,0,0,1
860.391940795487,0,0,0,1,0,0,0,0,0,0
861.595326878005,0,0,0,0,0,0,1,0,0,0
867.186555172288,0,0,0,0,0,0,1,0,0,0
873.655198218164,0,0,0,1,0,0,0,0,0,0
880.706417467767,0,0,0,0,0,0,1,0,0,0
